0 43 1.431583297027547
0 75 4.371497005380816
0 63 3.5464156570748226
0 84 1.073975031747643
0 87 4.0134378511583195
0 55 4.294616903875797
0 20 1.0213888965632478
0 89 4.454891932321909
0 95 1.6345490652743675
0 77 0.5507242144702752
0 9 0.20866870935201148
1 28 0.5013455212453147
1 85 0.5627224024730636
1 0 1.254880697803599
1 70 2.8527270587336466
1 58 4.988964860230483
1 82 2.7578015482639047
1 10 4.2612141262198415
1 93 2.704480133240403
1 29 2.133572637977142
1 40 3.4490659087736883
1 82 4.432742338847794
2 73 2.3288574029311437
2 14 2.6747871260977623
2 68 2.5473889670219423
2 78 0.563935541947693
2 80 0.5020025500570912
2 53 1.624833646393833
2 27 4.975942070105716
2 73 4.208163994615685
2 98 3.908407060478935
2 66 1.9929594797214927
2 9 3.1118152650233757
3 22 1.9867137592283863
3 71 2.460088716390425
3 45 2.8668218339942357
3 60 2.7120579602240125
3 76 1.6596926141359498
3 7 3.829055487262508
3 76 3.6919049626960705
3 97 2.9874863966202887
3 20 3.3535283544164267
3 87 3.3562391538799385
3 72 2.778332349556384
4 6 2.835260497224885
4 85 4.226700913587932
4 68 4.266893737915587
4 90 0.6342400780300714
4 93 3.949660496275344
4 52 0.1222683475213965
4 12 2.0679422969438988
4 82 1.4671548118572004
4 11 2.762932024377412
4 70 4.278785201485931
4 19 1.1016614546021788
5 66 0.6139161182616114
5 64 4.351976791008736
5 78 1.5021044394978706
5 3 2.8430933052894805
5 47 3.1468651386219877
5 20 1.5769878572879532
5 11 4.789150631106863
5 84 0.6189535676217943
5 25 0.20922998267574028
5 35 1.3971469979048505
5 30 1.2085082749991622
6 10 2.0459089817064275
6 90 2.7777686146931204
6 98 3.5136331149531306
6 93 1.7645531312251472
6 5 1.5298065184388223
6 60 1.5274838730754627
6 12 3.677055015768086
6 47 2.4820376382271703
6 28 1.6619255364966679
6 53 3.247970197674769
6 11 1.3833406169832527
7 24 0.15440297488921023
7 69 4.808767193471113
7 69 4.9370028245089115
7 47 4.273068501096186
7 12 3.3003350712065505
7 88 4.80184175433923
7 89 4.051164535410859
7 29 2.7458043087889457
7 56 1.4125065298587878
7 37 0.6012177627181514
7 65 3.5042151799220163
8 26 2.502645865621441
8 96 2.183123728894342
8 76 4.160776600422305
8 84 2.4379807884931415
8 27 4.3917349655464015
8 29 0.075782310699106
8 11 3.6347166025907263
8 68 2.8938498011208917
8 55 4.304581609144206
8 54 3.739074460933724
8 89 4.954367732562659
9 67 1.2675057136553343
9 9 1.0173015215891474
9 55 4.14576015204482
9 14 0.15882700431271013
9 19 4.03427256363923
9 28 3.6885978723582484
9 17 1.4743320727157316
9 61 0.16212583183689547
9 4 2.2044116459012275
9 86 2.1558495220241585
9 30 4.484902421566288
10 14 0.2905795103292532
10 19 0.6697952012842572
10 7 1.786131721690521
10 50 2.4911399790246502
10 57 1.067087875886671
10 98 1.5421874141096688
10 19 0.8250090158042294
10 58 1.771085773087123
10 23 0.2903684708674934
10 100 1.0867955377476233
10 60 3.009269098572508
11 19 2.3314981694254313
11 71 0.8750408002249181
11 11 2.4472769903409493
11 47 0.020603951122365197
11 70 3.5965015328121215
11 18 3.7365941312526996
11 26 2.8579151342555784
11 57 2.68520242106189
11 14 4.903779812046484
11 57 4.42718610268373
11 77 1.345557118188585
12 72 4.120634036211178
12 16 0.22060927070770733
12 93 2.035607575774144
12 82 3.557490356015611
12 76 3.3785368745037654
12 93 1.7401549044430475
12 60 1.7112560565883086
12 43 4.2712012129450345
12 45 0.8851379813081444
12 97 2.0368126370631785
12 62 3.521851208540122
13 18 1.7705857878310174
13 73 3.2716891684477245
13 50 0.2848567874264509
13 58 2.512118323604983
13 41 4.175098047838786
13 14 4.62817506113358
13 46 4.88023684686495
13 51 0.5059368939874153
13 39 0.04857913046030759
13 68 3.7267790020426275
13 97 0.3519043185229795
14 85 3.93248891246419
14 21 0.8229051650677691
14 88 3.8318605610990333
14 98 3.66656969702106
14 82 1.5637477307897678
14 100 0.1254610734520033
14 63 4.978352421079143
14 4 4.374374430991375
14 64 1.7963181466224176
14 10 3.5114300604520343
14 72 3.5046624173355974
15 32 2.337259697596964
15 83 3.8660915546235315
15 89 4.6747902657345435
15 95 3.326515506523257
15 3 3.9315287140494024
15 82 2.932714040369388
15 81 1.5370514369150492
15 89 3.4124120651547685
15 37 1.7629739725723417
15 57 1.2596448079029603
15 19 4.793866925474051
16 2 0.9340791502198058
16 80 1.8601762919985698
16 56 4.546161786557597
16 62 2.610836507826637
16 62 2.768864148802282
16 37 4.182925194380213
16 8 3.6372309213164424
16 5 2.327669036533356
16 36 4.335757736446322
16 72 2.3317155423817653
16 5 4.084540820641037
17 19 0.5051803855666942
17 100 1.732226155319565
17 64 4.112092518381512
17 94 4.844215489311034
17 83 1.731045178689443
17 36 0.23491570523462832
17 27 1.1856493373861272
17 85 0.23318479719484367
17 48 0.7712871701147404
17 37 2.938740301078257
17 45 0.35144943655158783
18 47 0.6970962297246368
18 6 2.399611799568906
18 21 2.0547387927296086
18 33 3.9047428908815927
18 73 3.2121258061545457
18 47 1.674466180414746
18 95 3.0269666885904556
18 68 1.6273346193112481
18 63 1.6299679205258437
18 40 3.9598675210219163
18 81 3.437439263815477
19 56 0.5103131825525116
19 35 3.4343114315792995
19 41 0.556349508700199
19 29 3.285811311750941
19 9 2.4538877364419864
19 10 3.23718758372773
19 54 1.2222766552737443
19 24 0.42359017094870616
19 100 1.376462915473356
19 57 1.9120611101793559
19 66 0.48809188130320363
20 59 1.6276516208860408
20 67 4.848830797726593
20 57 4.948243889772563
20 46 3.750308657862124
20 55 0.3867369996355696
20 55 2.8822285133540655
20 32 1.2766509354912388
20 66 3.561103518282581
20 19 1.9523025187670433
20 9 2.4787551805906003
20 50 3.3524350549153983
21 48 4.46237660039461
21 22 2.9993229382013604
21 94 2.212102169671849
21 90 4.412511030979113
21 63 4.062730130290891
21 80 4.7104952337171975
21 47 4.060658229253505
21 91 1.3916110200680394
21 62 2.146950377043279
21 66 4.858812500000436
21 2 1.4550759010180874
22 18 3.5416005621719795
22 98 2.413842410954356
22 7 3.7997046435173334
22 18 1.977471332064871
22 44 0.6694892573050261
22 11 4.360033700587134
22 33 2.8064697751237713
22 97 0.21126693149276374
22 86 1.327930504381899
22 46 1.7212385122834344
22 9 0.0949111710829488
23 59 2.9456391492413183
23 38 4.17422503014257
23 28 4.335618090708339
23 8 4.368212134108802
23 6 1.959034577284356
23 98 4.280077638401226
23 46 2.8770843361749354
23 12 2.7710398679467443
23 69 1.4184922222214515
23 90 2.3961490835155472
23 30 4.603563319630613
24 46 1.8438960509959779
24 89 1.6812364706369556
24 80 3.0923642744783244
24 58 1.8964890206562963
24 43 1.9985960962949352
24 55 0.783060905192997
24 22 2.1758263080503686
24 36 1.3733882543636744
24 19 3.1884536099592187
24 57 1.8789501704252027
24 20 3.4840500207696157
25 29 4.630716036942234
25 19 4.646992653099351
25 45 4.028814817921265
25 92 1.7383016650031837
25 1 3.090875050400361
25 77 0.9146177287659569
25 11 4.438654420812408
25 49 3.489202127256721
25 46 4.748322452595701
25 41 3.6174654186064306
25 55 4.17272347563492
26 20 0.6722431788457587
26 22 4.181146802386948
26 65 4.197878981959828
26 67 4.096529361784001
26 35 2.664017119946537
26 10 1.9986193119626088
26 57 0.6865284162006247
26 41 2.059462623385681
26 50 2.6619033248339456
26 29 4.804048764959388
26 72 2.780886037341728
27 39 4.000472703010732
27 40 2.1858650952614123
27 97 0.6982546857079349
27 63 3.0716383567606287
27 32 3.388689568520997
27 51 4.381148075511179
27 66 4.078157074492389
27 6 2.1875244543534604
27 66 0.8256589873224921
27 15 4.015225922194105
27 95 0.764405720424586
28 84 1.2924371339250833
28 70 3.032284748518212
28 68 2.6444806624785655
28 9 0.2963297851525776
28 6 3.874724857186338
28 97 1.5538905819077702
28 83 1.9786317779591849
28 83 3.8312966871632006
28 53 2.735605266706338
28 62 0.5018359765715672
28 72 0.29807340037544555
29 73 4.172978829616151
29 91 3.057052626282824
29 56 4.551582533783533
29 90 0.5456950651129204
29 64 0.6148929679924467
29 97 2.6023763274334355
29 73 1.5593653977848354
29 75 4.307060102164972
29 99 4.974006833912507
29 3 4.251455362191881
29 43 4.6192887738962165
30 24 1.1260784928807681
30 78 3.3367251666810698
30 7 1.9160753511826225
30 49 2.8663375071093182
30 96 0.21954842224343332
30 48 3.1951347094979203
30 85 2.833810610021027
30 17 3.943364885370071
30 79 1.9569232177138038
30 81 2.956173303463537
30 100 3.9099834170326258
31 34 0.08426286648619898
31 32 4.326187408605038
31 1 0.16180564826228253
31 59 2.3536692153852408
31 17 0.7072860584049239
31 73 4.209653821442539
31 15 1.6506786395422102
31 1 0.0658869359193577
31 12 0.19059379256576955
31 39 3.163991591397982
31 10 1.3029105192260662
32 56 1.5399601172195743
32 78 3.0357156119710194
32 25 0.13485948322351365
32 11 0.33179688897494913
32 70 0.9367381591400077
32 13 4.4532910310181695
32 27 1.0596931420163402
32 1 4.051018809309389
32 32 3.308517380716315
32 10 2.8377432548112225
32 16 0.40709399034698435
33 55 3.3823918317268586
33 83 3.759337410928458
33 0 1.0960264381446636
33 61 4.0499438676584845
33 14 4.942795670565633
33 63 0.8985613295398016
33 61 0.8130667289278953
33 81 2.0630644132805345
33 73 0.61670021425133
33 51 1.8574616897453258
33 95 4.884375537474665
34 73 4.838462718879084
34 76 4.566744034257039
34 44 1.7417748239050508
34 71 2.387251457647164
34 73 4.022751315581225
34 77 1.8649767853454724
34 4 2.3624362069754024
34 56 2.710754086447237
34 17 2.320024289856266
34 22 0.31205208473145996
34 24 0.824091073629981
35 65 1.2090833886099996
35 65 4.6418223065233875
35 80 1.3721765615710633
35 33 1.656521136782233
35 42 2.174731734511272
35 100 0.1350633329049082
35 70 1.7698434832131258
35 55 3.076824588535898
35 90 0.8223762583268623
35 31 1.5045716754194256
35 31 0.4186940924983614
36 27 1.9306519273629754
36 45 0.25885301798593624
36 37 2.8274237786274816
36 90 1.8089791727280407
36 63 0.8523465261421836
36 4 0.5298411608219545
36 11 2.4772853847788285
36 8 0.2048333737069894
36 86 0.9979209996499957
36 64 4.129251938059004
36 94 2.845017556775639
37 93 4.1903652343309385
37 70 4.068677656546658
37 2 2.4789568908777286
37 42 2.628376116160562
37 18 2.7197698121473564
37 70 3.7081963434660326
37 96 2.752194599110123
37 40 2.134513272188206
37 48 3.2060915551452696
37 98 2.333166467599701
37 35 1.0393652371087079
38 48 2.7117434250174455
38 28 1.9912887774154762
38 5 3.2727131026943845
38 66 3.3180417221888097
38 45 2.013689150680627
38 65 3.7880011770332227
38 57 0.894083779471958
38 10 4.37783309272558
38 71 4.530586653459757
38 48 1.8330763601492113
38 31 0.39838908609854473
39 69 1.0727312352068539
39 86 2.5066050148001806
39 99 4.199073640283422
39 56 3.027668969530214
39 37 2.1310921396323033
39 35 4.506337978322692
39 41 3.927419202831147
39 66 0.7571790055772019
39 65 1.1447675178428494
39 69 4.871649951814662
39 29 4.814452927123815
40 10 4.165259042922368
40 49 4.4811313622658036
40 88 2.6843348198584853
40 10 3.374828517198526
40 17 1.3207027606062443
40 78 0.6403220030039072
40 61 2.070888688516068
40 78 0.26960745055327257
40 87 3.2102767151077947
40 51 0.08774863606885427
40 43 4.002188407917903
41 17 2.592682962314
41 9 1.8082097957947978
41 10 2.195559305342185
41 74 1.7445707456007544
41 41 4.941187422635514
41 50 0.03120032742973506
41 92 0.37120194956816743
41 33 1.8537439803452367
41 71 1.8313197760139623
41 93 1.0044634589767998
41 87 0.4375248106306917
42 88 4.65836869237137
42 71 4.503261690931017
42 24 2.9956657986315864
42 84 4.615904502883123
42 91 3.8569645680395914
42 53 1.8087724566999221
42 0 2.09947107302501
42 87 0.5875040890082474
42 27 3.278627757611251
42 10 2.7363151156451244
42 35 0.5230043879781557
43 14 2.455958616846752
43 40 3.8513398471432554
43 69 1.7436684439330665
43 52 3.687938407481238
43 95 2.5531769720281368
43 88 3.0140577764607035
43 46 2.26256638917048
43 98 1.9822258810276563
43 2 3.509776035417455
43 99 4.710881415975222
43 84 3.5608985062564407
44 35 1.8496928222112439
44 18 0.4510184339183784
44 38 3.1192000665397295
44 11 4.847803930946422
44 91 0.6066698970877251
44 34 3.046929382101618
44 57 3.6218243195102446
44 83 2.1227514387697184
44 60 2.961574116935281
44 96 0.7643767868931365
44 56 3.525662245051992
45 98 3.19969157608526
45 54 0.2049802411421167
45 65 0.32094826331309373
45 49 2.192852020340661
45 88 0.6994886816305299
45 99 3.810668443045595
45 26 2.910747200991204
45 81 2.2791610616624394
45 93 4.493567922937479
45 6 4.72274154079824
45 15 0.47674765480729553
46 26 4.105547385687214
46 61 1.4335974880381566
46 10 3.2690359815935826
46 22 3.208543681358082
46 14 1.465336207492106
46 67 1.3805553573641043
46 96 0.8680297341335419
46 6 0.008963391563345397
46 99 4.198651022518966
46 90 1.9630936911218453
46 40 2.90164426729546
47 22 3.722449135671759
47 6 1.754526884502427
47 34 2.8322352184209914
47 4 0.3034728774064967
47 46 0.6404513414035471
47 58 1.4343009344160544
47 39 0.23521917325515213
47 67 2.8077824755292045
47 42 4.457817922698449
47 57 4.636413626691931
47 22 4.730323442908444
48 2 2.244803271674423
48 24 1.4081720941263212
48 55 3.0644557764576863
48 93 3.286649761767438
48 20 1.236934997007447
48 64 0.5950990783828854
48 38 1.0177900493600918
48 82 4.782702051807707
48 7 2.429486007698595
48 84 2.623502784919021
48 97 3.4947633321886196
49 92 3.386266642671883
49 96 3.1138000178862852
49 16 4.528760825253819
49 28 0.43565176204930084
49 30 2.5507695323692876
49 41 3.378648358127767
49 55 3.7553835303483787
49 85 3.83974233342637
49 48 2.098978575483767
49 2 2.4896106963947235
49 16 2.5369465070848403
50 44 2.74142177681846
50 3 0.21495748743691168
50 63 0.19922973532885505
50 68 0.4114182414006778
50 63 0.8538316910320892
50 83 4.432254109381122
50 76 2.6133731969500267
50 19 2.5126476406046816
50 77 3.6145976744676696
50 76 0.08240874671356488
50 46 4.2849533819831
51 86 0.053198294411864265
51 41 0.21826694849720937
51 34 1.7303105814167332
51 56 4.947458248207929
51 63 4.988823169946761
51 5 4.884098781325857
51 24 0.6965906190596559
51 67 4.632510069006236
51 83 1.7464607347998022
51 68 3.9686255129883596
51 83 3.07329904360901
52 79 1.6389029255621383
52 29 1.760426589707123
52 67 4.533922109691508
52 97 4.6058861185588365
52 46 2.9709094202477053
52 93 1.116673624572801
52 31 3.6734473716664797
52 28 2.8928077980189895
52 86 3.744528488147695
52 76 1.9749930420731387
52 67 0.672105822562494
53 21 0.5166472115388034
53 43 2.999091357411803
53 8 2.646064896167292
53 62 4.383938864584406
53 71 4.103129353542634
53 4 3.9424795175949425
53 76 1.908425520440785
53 41 3.5297107333298356
53 32 0.6297476872220288
53 10 4.783939880627088
53 29 4.940140310949828
54 75 1.827160672985758
54 91 2.0416923936578413
54 79 1.2668523691923392
54 80 0.38093060374452065
54 33 2.6076752686086966
54 38 4.489702458112059
54 28 2.8342401074038452
54 53 3.1627121621244623
54 22 3.478827087583771
54 8 3.96126238329642
54 44 4.618069598265207
55 20 1.3148963912812157
55 91 2.1766990187680686
55 70 0.5939422408747694
55 0 1.7967856208768036
55 27 0.11535942649349523
55 51 0.8671706138502385
55 98 1.6611430038594515
55 90 1.1480582821986651
55 6 3.598204522919336
55 26 3.6459663577965755
55 70 4.091482305702309
56 32 3.433206497338006
56 98 0.11938487626473994
56 96 2.8180504072933634
56 63 3.605128308591391
56 3 4.76018967774618
56 23 2.0526162168753306
56 38 0.25819338831846506
56 99 4.482101291239647
56 98 2.902907296561298
56 38 0.29881671279599614
56 49 4.49233340406129
57 7 3.1911856309164373
57 60 3.3382720368294776
57 30 1.479299186255786
57 6 4.835744511872475
57 6 1.752631376172805
57 71 4.9085091394116915
57 40 1.4755023357281056
57 75 4.310319305578487
57 16 2.8092522168432623
57 82 2.0595689119138196
57 13 0.8200667144257829
58 78 0.9969398809105702
58 71 4.165993305464023
58 41 2.704673581534623
58 43 4.040911705655897
58 9 3.2695269812061047
58 88 1.9740925237422418
58 10 2.711842704048239
58 50 0.06202689109144069
58 9 4.476400530925521
58 0 2.0135561501070915
58 7 3.44353506524394
59 14 4.0161165954413365
59 77 0.07893947654041457
59 21 2.7347571726271114
59 9 1.457292504917076
59 85 3.4664342872756224
59 49 4.614808447999237
59 78 0.8552467563108104
59 38 3.6713461528211897
59 12 0.3464898869306065
59 54 2.176661942112395
59 28 3.1583476567055375
60 88 2.902438679724566
60 5 3.1649991433562716
60 60 2.5800254726940755
60 54 3.5818717105571243
60 69 4.255490221910141
60 4 0.9038432102786271
60 89 4.086742319223686
60 30 0.20938447959415835
60 79 1.4372730794128763
60 38 2.086674014833599
60 78 0.4594057080773033
61 29 3.4016252331410883
61 56 0.48212211252708453
61 18 3.0824740801471022
61 46 4.758141740384792
61 49 1.7068860987971533
61 47 1.9397458519695931
61 75 0.22877932470552123
61 83 3.6028634951571314
61 66 0.2595665938104255
61 42 2.8172227469643785
61 28 2.679508460022
62 6 4.378025546394266
62 47 0.33227348897472414
62 59 4.4006888263005575
62 94 0.697930257694299
62 11 2.390331410989908
62 99 1.4729347530003551
62 96 4.071785970313049
62 68 4.813676453129749
62 77 3.366366039010991
62 58 1.6570171810523233
62 77 1.7775466482233166
63 24 4.642980603658193
63 10 4.23311839706055
63 47 0.29684566227565196
63 6 3.6554804996945207
63 7 2.9055769383013055
63 79 4.57676136589799
63 10 4.134924179418833
63 12 1.312162185715746
63 23 4.859828829645924
63 43 2.915333631478451
63 1 2.9904436339740528
64 53 0.12708961050036968
64 50 0.6947100571678431
64 38 2.6016223737753865
64 85 2.4693908979618935
64 32 1.9476967012091002
64 86 4.8580331618248245
64 95 4.955666853985333
64 88 0.6664612366585412
64 47 3.240502834442427
64 15 0.8115662004381958
64 25 0.46324160226107974
65 96 0.3540165356234037
65 6 1.1845926079420883
65 83 0.013752263746546724
65 30 0.7556870691496798
65 13 1.601430925614536
65 56 1.805642744815251
65 36 3.8159810154743985
65 75 4.7904402641215675
65 58 4.869416458796664
65 87 4.8740618280380925
65 71 2.6347013845597838
66 60 2.5319697294540076
66 23 2.3902960600015035
66 45 2.0264526366573565
66 17 3.273116081219364
66 39 4.639827875368614
66 85 4.354551874689282
66 93 0.9372177883241931
66 55 3.7716632313168095
66 66 2.2259782202777436
66 89 1.5633738531727654
66 66 2.9034261772272982
67 32 4.3254595283995245
67 17 4.218510274848164
67 70 0.9530322733447785
67 5 2.4473005048679926
67 100 0.608309966319241
67 76 2.0735486286561255
67 0 4.0907229973060435
67 18 4.786783161200835
67 61 2.7654579525365226
67 25 3.054505963485608
67 8 2.286983170887282
68 89 4.304751012749734
68 20 1.072623010135869
68 93 2.1471468856611575
68 12 4.653409753294041
68 86 0.10805763245312021
68 26 3.922758078845239
68 48 1.5699304658009303
68 85 1.357602193975111
68 84 1.4152168642846232
68 86 2.534966413257645
68 3 4.806873185508654
69 81 1.746354666832532
69 9 3.3268171743447685
69 32 0.7708499041071296
69 85 3.298806737891429
69 81 4.154596692476166
69 10 4.649688653766393
69 95 3.0546040708630295
69 42 1.3121671840561973
69 84 0.7924731156448378
69 84 3.3513426777268918
69 62 4.739835012039582
70 82 0.422311455406581
70 54 2.267378913486391
70 5 0.59740452067605
70 76 1.9279051355603107
70 70 2.021966340994604
70 39 3.587613925377853
70 2 0.1274437671540058
70 48 2.234301486612225
70 22 4.379330019542063
70 54 2.764393967304584
70 34 3.388426413075687
71 94 0.007983124008411046
71 19 0.49322318806724685
71 40 2.434257620831682
71 9 3.11951450513615
71 97 1.9780584619087582
71 66 2.4304005318871233
71 38 1.6884930431795795
71 66 3.270166962201636
71 40 4.072533555372382
71 92 3.6646379137301857
71 60 4.418108276998318
72 20 3.88157547830039
72 47 0.7762792467366477
72 87 0.9746560558179382
72 20 3.6022365627151247
72 75 3.1332852985254585
72 9 2.521653682457186
72 11 3.586262589420142
72 9 1.024114261218926
72 16 0.7238192223770819
72 72 3.3833481177987066
72 81 4.3029034033932785
73 57 1.5885946447850905
73 88 1.9381822255700705
73 50 2.981384927913548
73 61 4.283551944094416
73 98 2.5123542735985427
73 77 0.8491746510757883
73 93 0.939728328052089
73 27 2.3825762392251213
73 85 1.6310596740934495
73 1 2.799160133733879
73 2 0.08873677020560555
74 18 4.294105626665082
74 89 3.527028110960948
74 58 1.2623923395360295
74 5 2.949770663232563
74 44 4.201172164363883
74 45 0.47028371897165105
74 61 4.967978235026437
74 29 0.5471413423848263
74 6 1.8478998412009382
74 88 0.7779736324427348
74 22 3.9086780738871196
75 7 0.3897146758863893
75 43 3.3873343547406676
75 59 3.5139504246346154
75 40 1.3824855112552488
75 3 4.222818573179016
75 33 1.4411038547712918
75 34 0.7965458430935239
75 24 4.157899032003473
75 2 2.631861031103182
75 26 4.313762377580831
75 57 3.0922538515417526
76 72 3.648223885950541
76 23 1.6519335660740628
76 19 2.2950370474751716
76 26 3.8178779082345335
76 2 0.765072102421668
76 26 2.0438148798250566
76 14 3.556600761279707
76 13 4.745663741841892
76 86 3.7208546034583887
76 16 4.514834244358086
76 84 1.4524619831683208
77 29 0.9189517560486886
77 41 3.394974697298246
77 8 0.6906922087002872
77 88 3.201254966091408
77 40 2.6207043684948315
77 16 2.032397070316586
77 50 1.3839386936940703
77 54 3.9413860292576532
77 14 1.5408821511696007
77 63 1.735776859863291
77 96 0.6787238209715443
78 38 1.7530468906777332
78 100 1.0174805404450882
78 57 1.6801887400890063
78 84 1.795455997933244
78 41 0.7422535178650254
78 41 2.9474247476524393
78 99 1.751210841600425
78 23 2.954642247943844
78 97 1.7631384169676982
78 80 4.430240995526132
78 16 4.447016118284979
79 19 1.9184271748729156
79 65 1.6640399040961635
79 91 4.560592433133365
79 0 3.056321365956165
79 61 4.959036910141401
79 75 3.6226572238497585
79 62 2.2029172547208855
79 93 0.47284478362093035
79 52 2.4652873271852234
79 40 3.488422515460536
79 61 1.916806956099747
80 91 4.606971918858205
80 73 4.699496592262942
80 55 3.824265012712175
80 61 4.299557405846785
80 15 1.2669509121306808
80 28 4.372825540178571
80 81 0.8009668543789704
80 45 1.4736716770846336
80 33 1.3682540722377077
80 44 3.4242505110387262
80 91 0.4032792705640233
81 30 2.1943041679698165
81 45 3.2740578394494055
81 85 4.686152559517642
81 28 2.0844130800317973
81 79 4.910792690021695
81 59 1.3776766376427905
81 97 4.784093063501974
81 17 3.9509079134677783
81 22 2.206940292314648
81 43 3.8464568536710044
81 12 4.059090591664301
82 59 3.902667544268246
82 49 3.255446896162495
82 42 2.8178861663507564
82 29 2.319982854602315
82 57 0.916078369686272
82 7 1.9950664047933564
82 70 2.45894825283133
82 31 2.823785837309221
82 64 3.622672568032591
82 13 1.680475830700846
82 97 2.987838625100611
83 31 4.605517914968683
83 2 4.283022260006736
83 31 4.426056838951905
83 74 3.441648252775663
83 31 3.1928652085469134
83 63 4.046402480014724
83 81 2.2778604485104226
83 10 0.851610190096221
83 2 0.6988839581057897
83 24 1.1556864300985241
83 53 3.5060054305874973
84 82 1.5387171420338701
84 48 2.7575210461112403
84 85 2.6515099220271607
84 66 2.1425221847227593
84 55 0.41602312831457144
84 44 2.7260374713457765
84 0 1.9124434386350144
84 75 1.3768564311291187
84 13 3.695326104491487
84 24 3.5740585277578334
84 54 0.32643327546830764
85 38 0.622408205288173
85 29 4.370402754275778
85 95 1.442817047044612
85 86 3.5992688234844925
85 80 4.832783683174607
85 11 4.310379602661819
85 94 0.8416023627822475
85 15 1.6396907606408935
85 54 0.6298286954772087
85 62 1.640782283508465
85 82 0.31389340294749607
86 76 4.240075179938429
86 24 2.0984595524067187
86 35 4.568295772495126
86 77 0.38007633253633555
86 63 2.612699913171515
86 97 0.8249422351861422
86 99 0.36450218148606484
86 73 4.87107382679766
86 94 4.7792489680608865
86 9 3.578000084965172
86 34 0.9970290265685423
87 80 3.421620625373843
87 71 4.04897673943841
87 4 0.7117941282462685
87 99 2.8017354125392364
87 6 3.0847499667274745
87 22 3.9938830248876016
87 65 2.74281047044901
87 26 4.184112348377013
87 12 0.10928421867137225
87 89 4.1156170139993975
87 91 1.7107498996452641
88 87 3.463137037815639
88 68 3.601710369721673
88 28 2.2035572175766314
88 70 0.14482812027826866
88 98 4.6880655909841105
88 30 1.5110726692834706
88 0 0.2560117982482751
88 39 1.1257242912930936
88 33 1.0648809849085603
88 86 0.9661127685399629
88 34 1.9290951800881508
89 37 2.24342194859696
89 95 0.7453760722007955
89 36 4.707816817593282
89 71 1.761589350821155
89 28 2.1382543458092034
89 34 1.0462299199204543
89 18 1.4195820796394143
89 90 0.014777813190404712
89 60 1.9966388986235828
89 42 3.3507260349654495
89 79 3.9792996948741615
90 5 4.462501679394939
90 15 0.08362597476305875
90 82 0.8157202803726262
90 30 2.4092282974327435
90 17 2.402192392194727
90 14 3.071540261532616
90 51 4.136719302857048
90 91 2.8048136579342073
90 63 2.9250342386390904
90 2 0.26935718558771954
90 21 3.01183111403305
91 20 2.932590843092234
91 81 3.1209112626750914
91 43 1.2547030747074823
91 4 4.581537068151159
91 60 2.5301470425217905
91 71 4.396659924755402
91 62 3.5138819758839444
91 87 1.7865664869892202
91 45 3.953514334827319
91 67 0.9370892011219305
91 15 4.35250972008058
92 39 4.831278675198457
92 26 4.128600504053123
92 99 2.1557315576456233
92 56 4.174037259217371
92 38 4.505226455977004
92 97 3.2386685686857355
92 15 3.9844069365213928
92 42 3.392762201523714
92 69 1.341309649505253
92 75 0.6623883080270468
92 5 0.20638103755564502
93 90 1.488995085569838
93 55 2.8480406149820268
93 62 2.8161193752544547
93 18 0.9927380399672013
93 21 3.056141401590561
93 27 3.0007799946294798
93 27 3.707454189076355
93 22 1.2067367427339208
93 80 0.43591789394968167
93 14 0.6394000329037709
93 53 2.861399373603387
94 89 3.508984200134854
94 91 4.071137195172435
94 4 1.159523189023692
94 63 1.5593175695998303
94 11 4.8391690545463115
94 36 2.313288038159052
94 39 3.7477909450905877
94 31 2.072157646040693
94 57 0.6808548547410501
94 39 4.464114502797842
94 68 3.6319988664526055
95 15 3.144602948798139
95 39 4.669254998870318
95 47 4.700767083148181
95 95 3.2025650745543284
95 39 2.3730756988407053
95 68 3.6042420183717914
95 27 3.817581831266413
95 50 1.8709463098169494
95 76 3.7154475966092373
95 69 3.6468083706604433
95 23 3.905730727691567
96 55 2.8563890815481896
96 50 3.789923183759345
96 3 3.3319590029114745
96 58 2.62335003516109
96 49 0.19319911462920758
96 23 2.250858672891027
96 47 1.8640790742558102
96 99 3.2810478999151416
96 31 0.07887278931776993
96 45 4.8281374772329455
96 10 2.0497364961665734
97 4 4.090712867453394
97 65 0.7847039547314829
97 94 4.620728403433995
97 36 0.5813357037134246
97 6 0.06971416795528072
97 86 4.815450373702333
97 85 4.651984274066341
97 7 0.11118073360828973
97 82 2.8828065812786483
97 82 1.1200028518911822
97 93 2.6054370687159754
98 67 3.796700378160454
98 21 2.440636501724015
98 0 1.6020057648584984
98 3 4.146826420788214
98 91 0.6801240391028165
98 78 3.7907903446350995
98 54 1.8483690526566778
98 94 2.0893754940608367
98 81 1.4677837573277828
98 21 1.6079834000737203
98 13 1.8556732791841448
99 69 4.264522947313657
99 53 0.1842818081633216
99 83 3.0123575500739834
99 48 3.6255046411759273
99 2 1.7879200624300016
99 26 2.4944209293477755
99 51 3.272491233012227
99 85 4.368077035829602
99 36 1.7680654518186683
99 1 2.086561608523915
99 6 4.015754491800262
100 24 2.7294974467180517
100 21 1.7386622323782481
100 94 0.11966526984983142
100 35 4.3217318511562475
100 86 3.8756699134283665
100 28 0.5008967560838606
100 52 1.761107220915166
100 10 1.5696448490206327
100 58 1.0381207254820446
100 84 1.2511656754265164
100 70 4.824690723515155
