0 2 4.457617584193775
0 56 1.507154637593937
0 46 3.4375631246273013
0 29 2.757103726061397
1 96 2.465566590950869
1 73 4.2020614223042205
1 75 0.4816261979697436
1 35 2.954556356309603
2 2 3.0551408889705676
2 56 2.663071359866475
2 98 4.6864489382418
2 82 1.6620646915726267
3 84 1.342401307345771
3 37 0.1670893310380763
3 13 0.5474978891907222
3 65 2.255937315581197
4 54 1.1527140666463827
4 95 0.6350023981065265
4 28 4.6751376769832635
4 84 3.7449069258388388
5 1 1.5216542609177697
5 31 1.2766201583831567
5 90 4.50532054035509
5 50 2.302682873803306
6 18 0.5575454530198686
6 96 3.9974476952776348
6 78 1.8695035855450242
6 64 4.777692483419319
7 48 2.090653828092143
7 77 4.773113604512389
7 68 4.3132132815143525
7 51 2.2328309094414585
8 66 1.1704225591890822
8 36 0.12830361614499644
8 53 1.9912975894540463
8 88 0.8829889510932156
9 9 4.426551744484118
9 4 1.4656493596268976
9 50 4.88489484394337
9 90 4.19961213534074
10 63 1.4074577826266343
10 85 3.0463866213179918
10 28 0.24460530271456776
10 71 1.0596247854296263
11 33 4.4191893822177395
11 42 3.4252996810825773
11 70 3.7155912555671904
11 17 1.2448511095754504
12 8 2.450081418624784
12 5 4.632478548590959
12 13 3.273800085634145
12 85 1.539618458278267
13 74 4.9569339790497535
13 40 0.5922222978784888
13 41 3.186956930941555
13 26 3.476934383397223
14 53 3.078906564076444
14 69 4.165461756465977
14 7 0.7449651954858963
14 35 0.9482563063618415
15 63 3.1386710979239716
15 23 4.521808398435425
15 75 3.4109130957070914
15 88 1.1704352734397208
16 98 0.9307292345473437
16 99 3.764028945035757
16 45 1.7753649153543516
16 55 0.09920694918292715
17 93 2.516739299325047
17 35 2.782425500648327
17 11 3.753785258413599
17 11 1.0580141679172588
18 61 0.7734511709420636
18 27 0.4551142147238498
18 0 1.6384754409717552
18 31 4.486151976921548
19 96 4.703517733524154
19 18 1.9391189634562809
19 56 2.2710096996698734
19 34 1.2136675055170199
20 52 0.852000742426272
20 89 1.4605996114405244
20 97 0.21514768629589467
20 22 4.852885628593687
21 5 3.430248630566927
21 40 0.01683458541890285
21 77 3.745996239875576
21 40 4.9195286219626
22 2 2.742514723206986
22 78 0.5196989208930916
22 20 4.08073286749551
22 33 2.3401007595770236
23 12 3.6075164429971704
23 26 1.3228259552995405
23 76 1.3755694094792623
23 69 4.240772946526281
24 70 1.9336535829546793
24 71 2.084764279763544
24 37 1.220178866038581
24 33 2.848793931512194
25 71 4.194108966856933
25 100 2.8686321387461753
25 68 1.6955161566544406
25 97 3.7329372051287315
26 97 0.7506819146679353
26 57 1.0215398253404506
26 8 2.5519203808399693
26 68 0.942330839206295
27 93 4.35091105823824
27 55 1.53641394835052
27 63 4.397043444888681
27 61 3.031407635091139
28 99 3.3062717327771334
28 98 3.628874210259213
28 85 0.723414818497379
28 90 0.563637795185719
29 81 1.433303374231742
29 72 3.336668021943247
29 89 2.184456871608919
29 70 4.0500260405023445
30 7 2.196227749571181
30 83 2.5630253048835394
30 26 1.3624992780619303
30 68 1.1530217065739417
31 49 2.233268885053104
31 55 1.388075091073659
31 66 2.0239119238646137
31 100 0.591817873821345
32 15 3.556559340385579
32 51 1.908397884946887
32 84 1.1784813881111433
32 9 4.677456575088409
33 80 1.9384872727444227
33 83 3.344937570516296
33 58 3.806583010561662
33 7 3.854465015109673
34 32 1.1661276289605904
34 98 4.73838688914613
34 18 0.3059493925570061
34 34 3.7393589443224493
35 100 0.29145190664028914
35 19 4.086082107095009
35 94 2.063196940022381
35 29 4.987912435998497
36 78 4.469198867363614
36 54 1.4477636099751923
36 68 1.7188439370989999
36 28 4.51031590650241
37 82 3.7295802587546514
37 56 4.57983890144048
37 100 0.8445812915443159
37 93 4.237057694486728
38 26 3.0729255544049052
38 4 0.5821197797234983
38 74 3.51387978208855
38 22 0.9233444471582825
39 2 0.19020176030848115
39 62 4.455342484260972
39 27 4.080027321886355
39 78 4.928091460010116
40 42 0.04703546500359098
40 27 3.3659553499175674
40 17 0.24885787518746125
40 43 0.8994422672245894
41 47 0.5244654098046782
41 39 2.9213656249177653
41 37 1.2120523406950046
41 12 0.02388239711781017
42 35 3.1547533812053237
42 95 0.8506033609969008
42 54 0.8719579503191879
42 94 4.3069972059065575
43 63 0.5671824029618769
43 51 1.5650781078854201
43 39 1.9432393243488877
43 96 3.864676167974053
44 86 3.5434981372467824
44 99 1.8202153375238954
44 18 2.8299814616745027
44 80 0.49386175755090034
45 12 2.7892388445669085
45 11 2.983118637188459
45 8 0.27619112495280457
45 6 2.500755351883185
46 2 1.1841382416631296
46 12 1.837432937180697
46 68 0.5027297527838351
46 49 4.260431506869814
47 49 4.650897491250339
47 16 1.6392716086768064
47 37 3.151141941637985
47 18 1.179417481607425
48 36 4.228487274180196
48 40 3.5352033282208573
48 22 2.8354165826645503
48 36 2.1173964940681054
49 15 0.7438474983016711
49 65 2.3931503775123812
49 31 3.834997013585836
49 24 1.9486105794146509
50 54 2.311981252968407
50 2 3.6033004089921357
50 44 2.786599428394256
50 20 2.0437364276802086
51 80 1.3206176169373849
51 82 0.6525625792889594
51 8 3.862954153406419
51 91 1.445499737542595
52 65 0.8239061706256299
52 71 3.1982022194252995
52 76 1.8283114408941423
52 79 2.8445550514953264
53 56 4.292754569340282
53 31 1.999678733214689
53 89 0.5858674271985833
53 21 1.595895925187816
54 7 1.299463115778412
54 82 3.6721678485777107
54 90 4.896543693463724
54 86 2.327827747868874
55 96 1.7756785700134792
55 52 0.7715543676246501
55 67 3.443049187147817
55 93 1.1058018324663192
56 57 4.796985350523491
56 89 3.633664221789394
56 85 3.5175081009114657
56 72 3.347417059023484
57 96 3.9257503550035504
57 54 0.46408616031472594
57 2 2.524311343993452
57 64 0.224631616191532
58 96 3.020419450460312
58 92 4.327731976097163
58 50 4.732503920982142
58 97 2.2809909749934363
59 35 2.3748055055875534
59 46 1.2260778015143934
59 98 2.044537519840305
59 22 3.2570090470873763
60 80 0.008968919623464343
60 29 1.356190910925163
60 70 0.24079221967903278
60 16 3.5308097934245097
61 52 1.1540308175343836
61 5 0.707054807123381
61 66 4.476142506434624
61 76 4.083294063872653
62 29 1.0048822575410423
62 31 3.872916659921671
62 6 1.7254086555027541
62 28 4.971312852834176
63 59 3.9650825719941505
63 86 2.8213929362870336
63 11 1.8070141264933544
63 88 4.849785427496075
64 57 3.209138361533002
64 62 1.477615865697609
64 8 4.1190167370973185
64 74 2.4597590747252123
65 6 1.8345926844022538
65 80 3.485930699294394
65 73 2.041714679144146
65 81 1.0134953689936625
66 67 1.6723295000949991
66 66 3.7246349394489413
66 83 1.5045841666015325
66 64 4.958993262826079
67 34 1.955763707088944
67 94 4.247500853993106
67 37 4.468782702845601
67 28 1.6535384361120167
68 66 2.161989253269221
68 30 2.0786374472238482
68 91 3.210770071878311
68 41 1.8487124486948678
69 41 0.5382365449786394
69 10 1.8349876488030374
69 24 3.7789657705335062
69 34 2.1591331784943533
70 41 4.083111763078436
70 41 4.126122489924289
70 17 0.026911473625127653
70 61 0.2409800339318995
71 27 1.3961099429252197
71 20 2.1292772117840224
71 14 2.944569250512933
71 32 1.8664024639195735
72 18 1.1532117291679078
72 66 0.24757505727949491
72 27 4.4974401798996535
72 17 1.986560675677011
73 23 1.1042917007662483
73 83 0.9201303561752393
73 30 1.5822241623066766
73 53 1.6527481292987474
74 92 2.0268158368713483
74 100 0.5608616825919343
74 40 0.3469573163228611
74 93 4.944722465603263
75 54 1.794827226407248
75 91 1.8263485150277459
75 93 2.635883672336917
75 77 4.187122935210368
76 52 1.6339723856477069
76 82 0.40805938003728764
76 32 2.956510484048761
76 22 2.2078635881388715
77 11 4.4986105586539225
77 9 1.2849353801957142
77 81 0.7503496329773933
77 57 0.0757205480083475
78 79 3.5359643620288543
78 60 4.4485086975512305
78 55 0.7491782634500822
78 79 0.33245895223038385
79 47 3.415147765881587
79 23 4.097940361450431
79 56 0.3432395260381046
79 32 4.5075194772759115
80 21 0.3574701208764128
80 4 2.4107036607547765
80 98 3.7468842622564043
80 49 3.309693654427245
81 75 0.639392693714013
81 42 1.9962896040018794
81 11 2.422747292972551
81 98 0.2595880916179381
82 66 3.141480476352923
82 47 1.208823646561249
82 96 2.286198094895024
82 1 3.7723799947292647
83 37 2.769265321763758
83 94 3.61544119218016
83 78 3.8766153168853674
83 19 0.9987901507554731
84 54 2.702394149558384
84 21 4.327431811149055
84 45 1.7699537548922348
84 76 0.08968231291261396
85 33 4.552983526878466
85 9 3.5152025283407347
85 82 2.695569013831517
85 33 3.57264944741454
86 30 4.93229598803253
86 4 4.771643568341658
86 63 2.3562614689380053
86 54 2.232578203780681
87 60 4.548338247601389
87 2 2.3561711081555177
87 43 0.9022564015716729
87 48 2.125843826184968
88 4 1.0164882340596588
88 48 4.221232503705584
88 52 4.271187469260955
88 43 3.500162635843503
89 8 0.7573603429104734
89 6 2.926916958379386
89 71 0.18099579623006168
89 46 3.778314322245256
90 73 1.8516175931200545
90 33 2.645929458003558
90 97 4.015235361523317
90 20 1.5439099071444564
91 67 1.8245756966432582
91 48 0.36807682462236196
91 99 3.966810248893094
91 42 3.79591175138561
92 20 0.09138063047790328
92 81 4.889775310731396
92 79 3.650990749023858
92 68 1.0428846513167451
93 23 4.456759104558976
93 25 4.90140869803
93 57 1.9335231114966631
93 45 1.4686523780354168
94 32 0.6593435542400238
94 7 0.8787130919356544
94 30 1.4609955323068846
94 96 1.6897624960754383
95 7 4.958409897877969
95 15 0.5714326066918977
95 26 1.284287750200238
95 13 0.36822035068793263
96 46 4.184131721973879
96 35 0.44013526502968675
96 50 1.9048954651996255
96 43 3.115337885056604
97 72 3.7255543130463784
97 57 4.555156416769521
97 67 0.5431384951012517
97 1 0.9227086192144381
98 28 4.876452178481549
98 86 3.405173567434256
98 100 2.769669393593046
98 7 2.720764051852023
99 15 4.172676504836432
99 43 4.638009754749332
99 9 1.521579029381952
99 2 4.620774418953191
100 80 1.5531579345639603
100 43 4.836008300425108
100 11 0.6625372069983708
100 9 4.897038889960469
