0 85 2.663652198449924
0 18 4.1099792362166365
0 88 1.333348416431651
1 85 0.719119902841213
1 37 3.8803982884743164
1 75 0.12740134070039938
2 36 3.908534905810064
2 93 4.205260994778426
2 55 3.130565680834393
3 84 0.19425334814409786
3 42 3.010883674627471
3 9 0.317669868144722
4 72 4.409565077852928
4 55 2.4414642059016076
4 14 4.009655499813035
5 88 0.19153197972037855
5 42 3.8463780733292836
5 38 3.7797914307260156
6 98 4.391673184114198
6 75 3.039668136420231
6 49 4.8787028134986015
7 59 3.3297392252535314
7 3 0.4450082834972424
7 8 2.490164846391928
8 55 1.218702965694746
8 36 1.781286785609993
8 48 1.753055058678626
9 1 1.792351185461759
9 86 2.4564797962236082
9 84 3.3634745469521112
10 93 1.48204434643478
10 16 3.8291959181025175
10 53 4.261534506839092
11 94 3.1487351698399513
11 76 2.2694957420049104
11 4 4.128501298667498
12 32 3.9018333650183816
12 91 2.2056216829211586
12 9 1.57797010999384
13 23 4.502355601707104
13 41 1.1895311141561344
13 39 4.571783140053594
14 76 0.5578107056530844
14 19 0.4662936748294976
14 16 4.961441836010214
15 98 3.6964337392630546
15 60 0.16374746496138146
15 56 3.276856964719166
16 85 3.8496467424351324
16 68 0.31697995077484276
16 45 4.065820124073453
17 21 4.460415820227064
17 49 2.9391307609049924
17 82 0.6930696865162786
18 71 2.603419931795327
18 95 1.9100098276939024
18 12 4.737608738516898
19 32 0.23443421717159119
19 75 1.6689241859989372
19 23 1.3421232866976185
20 76 4.612648138399414
20 78 1.6275029052134138
20 97 0.09918475771927644
21 43 3.8160641981791277
21 20 0.2577672392780189
21 85 1.79709762624656
22 71 3.0677261542482235
22 81 1.823733850574375
22 86 0.9331957241648275
23 29 1.3083647218049645
23 5 0.04994369569830406
23 69 2.3095521257896885
24 72 4.407761358519975
24 37 0.7075934858163735
24 28 3.404033977140095
25 86 0.9728900159616323
25 73 0.3608688926815029
25 45 3.2922197485027036
26 22 4.01767525292463
26 24 1.642973901960341
26 14 2.52899442746883
27 44 1.8749988777184239
27 84 1.3175196408935994
27 87 1.0099453423755185
28 97 2.2548630274598076
28 63 1.3754803481194289
28 72 0.6256879696733295
29 22 1.9043450417310728
29 23 2.9794687686502583
29 77 3.13419352222006
30 32 2.7082258281064417
30 2 1.8015932915753656
30 3 2.1891805261769988
31 33 1.7688632499985957
31 8 1.8790744661327672
31 80 1.5413622146451786
32 86 2.9753155010007935
32 83 2.6751290434656063
32 3 4.010053971994626
33 30 1.5649700668101212
33 47 3.516299328099471
33 20 4.671566473249263
34 46 2.4533117140941165
34 8 0.07924626004007854
34 72 3.32647392199987
35 91 2.225597318064223
35 42 0.495558893146545
35 91 4.224430502110255
36 46 0.5994902177406123
36 7 4.613449818394907
36 99 4.906234947594564
37 98 3.256433994413205
37 39 4.822755412802766
37 22 1.5760977604226607
38 11 0.3524441591262493
38 25 1.6942166491721464
38 63 4.4580087488384965
39 65 1.6107426758851293
39 82 1.4352785121506242
39 74 0.1684243517735941
40 53 2.2308867075606327
40 26 3.2951001293723796
40 26 2.659910475886197
41 33 2.3276264692594393
41 14 4.32289793516666
41 35 4.521149305596094
42 57 2.1740254328841324
42 90 3.2689384223164035
42 53 4.221533187027858
43 31 0.1327222885756411
43 7 1.5869896122418439
43 59 0.6664130391257388
44 89 2.2594519287735766
44 52 4.400745499249811
44 49 4.758740008554246
45 20 0.2017430823791031
45 55 4.5401255945497905
45 81 2.89619882689374
46 7 4.649856127382971
46 17 4.608197037168942
46 52 1.414273949858791
47 17 0.8642978197235993
47 59 4.4012313444832705
47 76 4.804780202004424
48 21 4.822956251976238
48 25 0.7256372975167503
48 50 2.9403751070767803
49 7 1.3740256349725182
49 91 0.9573960525348808
49 72 4.557227469430636
50 16 0.14922990199786204
50 55 4.427267516817519
50 80 4.010834156022663
51 71 1.7796249818171674
51 92 0.4583075919611373
51 27 3.523689595943603
52 43 3.5164819007029444
52 65 0.6923178494367485
52 29 2.5922962314879148
53 100 4.29507769128585
53 52 0.5599919705031242
53 60 1.0947920172554773
54 53 2.3657691823071025
54 30 4.701961990760327
54 62 0.8506460086179136
55 57 2.9613267461280186
55 55 2.6507239808212417
55 34 4.977078984236139
56 10 1.9223362424665673
56 86 3.9032072319134516
56 84 0.5511543714811964
57 82 2.0009551044890985
57 81 4.937559575093789
57 1 4.556899953188612
58 62 4.23014781478489
58 94 3.5962416772926105
58 52 1.2049042088012685
59 86 2.5313924557889393
59 88 2.5734848078491326
59 88 4.69182986345275
60 69 0.7714529924737892
60 97 1.3374712030211395
60 14 1.562454331644897
61 84 2.7809824603244686
61 90 3.8418983403224263
61 43 1.5575940210816293
62 73 3.2491475053395944
62 36 1.5155549214585788
62 27 2.708649442579752
63 13 3.3826982206345813
63 72 1.8914781942008576
63 97 1.4464001303629832
64 74 0.4902818070093963
64 55 1.3126721820132088
64 15 3.555247896695289
65 25 2.492486940258496
65 52 4.112972489411675
65 83 2.4968120369453253
66 31 3.678534510010348
66 48 2.5048227019202827
66 9 3.2579152274486813
67 67 4.359693982467387
67 42 0.9155747233369153
67 35 3.0268276136688477
68 49 1.5748993268264908
68 66 0.2623000721906741
68 28 4.621270351210108
69 10 2.2681105911352666
69 54 2.7646443193915
69 74 0.3015766947347803
70 49 2.1315773870308417
70 69 0.9147650201285477
70 78 4.732764118209387
71 73 3.7335929237203005
71 61 3.063831525066378
71 75 0.5677562731981866
72 65 2.410906902787653
72 34 2.5428208141514324
72 29 4.823478107843424
73 48 2.587951983278141
73 5 3.455663953970955
73 15 4.2183280508021985
74 39 1.7592848379726915
74 51 4.67351563295067
74 38 2.3053801554785527
75 77 2.585433284577371
75 32 1.3013816344775924
75 27 2.266354311041029
76 20 0.4066827529928322
76 29 2.566920560530015
76 80 3.7521032299661274
77 16 2.700033934461932
77 16 2.457178260801895
77 67 3.9388071339137785
78 16 2.6612447450612753
78 1 4.781906883356542
78 11 2.0204477058816734
79 74 1.218547239319369
79 65 0.6275019403989276
79 57 0.0920053296961809
80 80 0.2651304428849352
80 78 0.26266717814437746
80 92 2.902081068037399
81 61 1.976540342455295
81 73 0.35515999090291334
81 36 1.8341828063465548
82 72 2.650961344571616
82 78 4.5944649273806455
82 59 2.9227867383525563
83 73 4.173207852848869
83 17 0.7975065492761299
83 90 0.33351848883454016
84 53 4.8124468195551
84 5 4.053710560231757
84 21 3.711320148630614
85 100 1.748752787670247
85 45 4.429149396351281
85 57 3.877976585402974
86 6 1.8648252422511258
86 18 3.8445389804661985
86 59 1.3873646085159324
87 28 1.4524787452544818
87 27 1.4689566672892274
87 92 1.2182761785257923
88 72 2.9781460370928245
88 54 0.422170233326848
88 21 1.9771607980363084
89 24 1.8672342554442563
89 86 0.24313341280470624
89 43 0.2796565474101636
90 46 3.137719268135009
90 8 3.192453256929086
90 42 1.3308878773612236
91 100 0.8483257791120431
91 55 4.878140175807703
91 98 4.9411731989540995
92 45 3.9575423362562576
92 21 1.761545893078328
92 32 0.15280860824854695
93 86 4.364558679395921
93 53 2.0598330021810205
93 65 2.612324566457968
94 14 3.8679705144327867
94 67 2.9003556151289387
94 23 2.1210195908210356
95 39 4.267956409264491
95 60 1.863056335798088
95 83 2.945333677880614
96 10 4.561946648120847
96 83 1.995078287493172
96 93 0.8361963117933237
97 96 1.945002237755456
97 19 3.614400739491377
97 71 1.3059474592338476
98 92 2.4534621603534053
98 23 1.9216241144122235
98 17 0.20351467578717877
99 86 2.9686795510163853
99 85 3.249729864068948
99 91 0.5584176759268933
100 49 0.8752669228113789
100 44 4.2017139179017855
100 100 1.4714539788370755
