0 41 4.476495831642667
0 91 2.226166180862025
0 64 0.5498444018893928
0 33 2.1082005541432194
0 81 3.489466539840194
0 12 2.921879248470196
0 18 0.6385998901475869
0 86 0.0003935940628149848
0 55 4.579854642182825
1 25 0.5380920286732578
1 96 0.6205485979931092
1 8 3.572353162779616
1 88 1.1680717642644072
1 43 4.784295056600025
1 3 1.272365811465015
1 19 3.787822951231431
1 62 3.0442581761481797
1 42 1.9610026537753649
2 45 1.9261200753711392
2 82 1.348385196910172
2 33 3.4419512121183673
2 70 4.336792828270252
2 82 4.113706432387568
2 45 1.5357146160726522
2 3 0.15122087342770135
2 24 4.712198661703875
2 63 3.474484732127403
3 76 0.33989256077099417
3 11 0.3855590657253757
3 64 4.743995643487076
3 14 2.242978958968806
3 14 3.1766179414699356
3 63 4.8238958665019664
3 99 3.4905685945231792
3 74 2.511019381023075
3 19 0.00820640637670353
4 38 2.105741519059814
4 14 4.609397055852347
4 96 3.6676604872414136
4 0 4.413324702252696
4 22 2.4757498522289145
4 87 3.4433421659127315
4 5 1.442386592980117
4 24 3.2644020806541523
4 43 2.902621779995736
5 87 3.1917313107425724
5 92 3.735033708104704
5 24 2.61449653154473
5 34 4.63320567571656
5 72 1.9141180398246433
5 15 1.8871440246483062
5 67 2.4341153670796793
5 1 2.029703953362277
5 44 0.9147399491482611
6 80 2.355869606750402
6 53 1.0115532831032015
6 25 3.5536346328888753
6 94 3.3407557124436518
6 76 4.918299665349657
6 88 0.19317341246173175
6 41 3.540671146147565
6 75 1.2420801117048803
6 81 4.72754996545684
7 18 1.878924739540527
7 26 4.653340327728366
7 75 3.725964202359839
7 42 1.8848690132158687
7 59 4.231656600896366
7 49 0.8438584523153951
7 93 0.32239860549544297
7 39 1.4120343555090946
7 23 2.5562658933424105
8 65 0.7940347548159703
8 72 4.691835999851574
8 87 1.5751492403907734
8 13 2.0653770780932206
8 46 2.9369772950893216
8 38 0.263677688584877
8 40 3.9619134884666103
8 7 1.3840780481314696
8 85 2.4315938580601477
9 58 2.4268737906195628
9 30 1.0893066923060186
9 44 2.212888978005924
9 50 3.54980462980271
9 85 2.92441722142281
9 13 4.463885322037135
9 81 1.4667648814179326
9 64 4.309605666938312
9 26 0.1728402004618495
10 35 0.28067261336402677
10 34 3.0000553012744824
10 18 4.60293751608203
10 33 3.0688382412118433
10 12 3.4089308738888917
10 10 1.6601701372588447
10 98 2.5865139318076458
10 68 2.536891770821809
10 8 0.6949138969238209
11 1 4.596470292672191
11 98 1.6135908090796058
11 33 1.9465952497564694
11 61 0.4614091428894332
11 89 4.303573949949114
11 65 1.3842267837848046
11 88 0.6538411709060536
11 52 1.37626371414511
11 57 3.5610813928136253
12 82 3.801161445498638
12 11 1.3953764187522442
12 63 1.6430833415455564
12 52 3.5803116229254783
12 38 2.8305037787628917
12 70 3.327934271246702
12 70 0.9022417502921619
12 79 1.1871210755001307
12 95 0.6000697006729764
13 70 1.0335204765612858
13 18 0.461540025318347
13 83 2.3626447345538826
13 62 2.655146602352854
13 56 1.1921535749557728
13 91 0.40033511312497083
13 26 2.4585299776151874
13 81 0.39349419706680416
13 35 0.6714094409628345
14 96 2.2894817757261787
14 100 4.304268970063637
14 12 0.7887164771173791
14 75 3.8699316208273657
14 66 2.1160890336617517
14 41 2.571832213936796
14 13 2.661796475891887
14 28 1.2110051473817425
14 54 0.9313696258547658
15 14 2.1756481835470827
15 95 4.231991088823466
15 58 3.8981897500758764
15 16 4.057721297250222
15 93 1.4601672329848105
15 17 4.080155550460367
15 30 1.229269579410106
15 33 3.6194607361406326
15 40 2.1095821688104786
16 48 1.3182687981405368
16 24 1.1477617105376727
16 85 4.22282090077456
16 94 0.5821773140579055
16 59 3.142682273398929
16 29 2.1473311648217632
16 1 2.278932734018487
16 91 3.268624091672975
16 50 3.284900229728546
17 22 3.1859278038245242
17 87 1.4287276444899217
17 58 2.9710536303593633
17 84 3.368397591723233
17 47 1.731681736516707
17 12 0.5262187033055543
17 5 1.99940708338348
17 49 3.374324526150682
17 92 3.7712991053803795
18 55 3.3913996050987993
18 18 3.0011901793355564
18 66 2.844363034590797
18 63 4.220999553627843
18 97 4.826938466581264
18 84 2.1111064833372275
18 12 0.9744204069975099
18 30 4.616764848396088
18 46 1.7928854748339758
19 13 0.7609909499191079
19 27 2.490453706396405
19 66 3.0774830119657355
19 24 3.5424754417080204
19 30 3.8025161915281336
19 1 4.923055099896331
19 52 2.2044361011409497
19 90 0.040131018528881554
19 21 3.9733988505346414
20 72 4.424768437831125
20 23 4.918531932237345
20 30 0.26078271414045096
20 99 4.837769897232338
20 3 1.534459085410836
20 75 2.483095473861
20 74 4.364229532186965
20 42 4.171703678260416
20 45 1.0194328176073937
21 16 1.374594244337845
21 72 2.441397850671019
21 46 0.9792626082978022
21 67 0.03781890714014855
21 75 0.7004843384148919
21 57 0.8576509782147591
21 15 3.7928277855781385
21 51 0.8641170247962465
21 1 4.430194810516817
22 26 2.4585226270938962
22 85 1.3604782860272238
22 30 1.5141911936320216
22 20 4.20514463252259
22 3 2.9667134327559523
22 30 1.9790113787214254
22 21 0.3989803302389346
22 48 3.1584538789216947
22 7 0.3925728948166432
23 31 0.4840855565939245
23 1 2.5191307995577543
23 91 4.358834689794483
23 49 3.8061583345696937
23 23 3.4193201130441966
23 86 1.9466833531999441
23 46 4.25621535184927
23 74 2.1374195277130448
23 13 1.1632823953449996
24 70 1.058819189343887
24 24 0.770529661066015
24 53 3.2902314556432497
24 18 4.729608663926629
24 19 1.4882818056313794
24 60 3.8853275999034573
24 2 1.8581313852805246
24 69 2.1157964424088167
24 99 4.794206790424986
25 41 4.059869463176381
25 33 3.232317471768779
25 22 4.980354388635061
25 4 0.5060151750471729
25 66 2.6221759932184283
25 94 1.2400425161604824
25 69 4.049230359241787
25 85 4.2441735192948835
25 26 2.501711367572308
26 42 0.15730435521684502
26 95 4.0724138971437975
26 93 2.3612328156799056
26 70 4.120142291419041
26 19 0.8641834777968704
26 27 4.562842987618186
26 85 3.868706638690311
26 48 3.831592572435462
26 37 2.6117077504158384
27 34 0.7554606759113427
27 77 2.0655585930731952
27 54 2.620245702276215
27 15 4.191945470918531
27 92 0.7552104487732686
27 71 1.062182706652254
27 92 4.4970266804908094
27 37 2.2213471402325986
27 55 0.9366200245882738
28 72 4.518564837654565
28 100 0.49332881489575997
28 0 4.518423868161996
28 26 2.0644030527635597
28 36 4.022503508660573
28 96 3.3525292813384686
28 1 4.785855321380193
28 27 3.3794321648925076
28 88 3.317557610013139
29 89 3.163624164654465
29 3 2.55756696522333
29 70 1.4232171041350792
29 72 2.9030574168623433
29 89 4.473971384559423
29 56 4.18390579229924
29 17 1.7651020241935798
29 73 3.6714492420694924
29 13 3.0052760740658178
30 84 0.7305661781890663
30 63 2.1014537367072017
30 73 1.363213646169312
30 43 4.028305003998818
30 5 3.8771861122439817
30 13 0.28947014853488395
30 2 3.3659336675625666
30 21 0.38917766421533634
30 50 4.918347352140254
31 12 3.6702483974323883
31 92 2.476307876987191
31 89 2.867652018784801
31 65 1.9642768579291674
31 46 2.2519543344727126
31 87 0.4821868548139232
31 78 4.351075297328182
31 44 0.7151302797630747
31 5 0.0802143498118858
32 58 3.5928080635456667
32 24 2.1084526737786526
32 49 2.675949168633991
32 78 0.6127185648959768
32 19 0.1732082489854431
32 27 2.608081450095117
32 16 0.49501176354831977
32 58 4.647316382281731
32 46 2.707570103658888
33 63 2.807032008604487
33 50 1.3772973516966378
33 79 4.671780482441347
33 98 1.4072158679890243
33 1 3.6930205036510606
33 25 1.7823756155906147
33 1 1.5188691379850414
33 8 3.2238898591432856
33 44 2.8977963536827933
34 58 0.5608920433593868
34 22 3.710952426734015
34 50 2.8287129349527396
34 20 0.8720790704940152
34 68 0.8054291324341292
34 33 2.0335925632561156
34 71 4.0605699508575634
34 20 1.8403390387435852
34 83 3.0444816156688086
35 81 4.655894537104802
35 76 2.774690686200099
35 82 1.1393391157206252
35 69 4.811056858722674
35 25 1.006287655700175
35 73 0.7618313205384145
35 82 1.7436908992189863
35 76 3.662048695778621
35 58 1.0551937870718806
36 22 2.850020333168087
36 78 4.0157103408132855
36 60 2.277293775976548
36 97 1.944408393435735
36 50 1.4451893900638584
36 16 1.0685526920428796
36 33 4.513322805481073
36 97 2.936448298358159
36 85 2.5447191710361987
37 21 1.1451361957519375
37 41 1.354103537896581
37 70 0.5132288782594624
37 82 3.95713887570249
37 71 3.511447696988166
37 74 4.881044778605109
37 36 3.3025127266678607
37 11 4.686383605589041
37 47 1.5652979385883112
38 95 3.6028534342251337
38 11 2.052476785626214
38 75 2.3905301183202665
38 92 1.6101226057225146
38 23 2.306582243244486
38 91 4.5617024533110415
38 56 1.498534416833398
38 88 2.438500486167261
38 35 3.955176876256721
39 35 3.2596303854057216
39 100 2.420192147344474
39 43 1.7114549726632886
39 39 1.1045121402799076
39 94 1.736830321165919
39 97 0.185625120108907
39 2 1.2797124632714014
39 31 2.331255188087642
39 85 4.704755663089166
40 66 0.07121126658967342
40 14 4.711352170298055
40 20 1.7982699468171592
40 28 3.4583028282021226
40 95 1.3347285221927276
40 88 3.900793785553039
40 15 2.5355378781770184
40 54 0.3165635599290874
40 1 3.693196249962365
41 37 0.6479541500574375
41 49 1.6563837005839044
41 43 3.6368876818448115
41 84 3.952655156076724
41 57 4.777517047974293
41 64 3.2568891501625736
41 51 3.0580305946225352
41 52 2.92120398119509
41 37 0.02337175982911741
42 68 2.2097777977275017
42 60 3.4269233120932956
42 1 1.318380210351086
42 68 0.7729139161136227
42 20 4.345714864793893
42 46 1.5992315677445752
42 51 2.62341562489766
42 61 2.3513532906640062
42 64 3.779692984850148
43 51 4.735292946382341
43 31 4.658472527803662
43 97 3.455313841056674
43 80 1.0510173149704995
43 75 3.8872364145681155
43 82 2.513540822115493
43 30 3.5301997629373116
43 60 0.5130234529471317
43 19 2.444353922354989
44 70 2.4450393740160283
44 100 1.7573397694311712
44 46 3.366163504837183
44 58 1.2773449737911013
44 23 3.616248431141724
44 98 1.8246601637313176
44 63 0.09616175860170756
44 57 0.8809835910795951
44 33 1.772035655714306
45 61 2.081193395727292
45 40 4.853205714834402
45 68 3.4020612603341864
45 59 3.464712528957744
45 95 2.1841452167956428
45 85 4.292890030769607
45 83 4.195313716270561
45 73 4.6477454230898045
45 76 0.3661387799562873
46 75 2.4814783037745762
46 52 0.5742788325469235
46 100 0.36808326791952695
46 26 4.4524956243785185
46 14 2.062819220315221
46 52 2.2678496680525693
46 17 3.79147704817417
46 19 2.87049922200854
46 23 3.1455775769025207
47 38 2.261682102882297
47 98 2.649977218531933
47 36 0.3041105458765188
47 16 2.964782953845667
47 6 1.5739335270400228
47 53 1.9508669458505643
47 54 1.5390159808163981
47 4 4.970979812802613
47 25 0.9052353674758381
48 43 1.6206089501449235
48 54 3.8745494501804694
48 71 0.2911690051868986
48 32 0.7165770515539194
48 92 4.8757882203363065
48 0 1.6477670734505159
48 76 3.8195494852765437
48 96 1.7626527275750379
48 91 0.862153220892775
49 46 3.267323355792812
49 46 1.2985298410333481
49 99 1.1729475411698032
49 32 1.6576018201024838
49 71 3.3406109290635366
49 38 2.343826911350911
49 17 3.7175558429191904
49 3 1.541265310245668
49 31 3.1197915960184397
50 9 1.189092678083896
50 9 3.36377935225027
50 82 1.9710782562418194
50 92 0.9079303565782009
50 7 1.0662197519578596
50 99 4.6975707454981
50 42 3.224147620244543
50 91 0.5320042987310908
50 96 4.7469208678546515
51 4 3.3326785996675787
51 85 1.3992438990696232
51 25 4.524350809735748
51 7 0.6600945286190434
51 7 3.3939640257464094
51 95 3.9807437435314728
51 8 1.067128383945598
51 56 3.9522582647296316
51 57 4.8078337025118545
52 60 1.845497470692283
52 97 4.186527064181575
52 69 2.265374878912255
52 54 4.928121441651763
52 70 4.840957465571045
52 56 0.8468298671659058
52 36 4.744101234650126
52 7 0.4242332923166863
52 93 0.8655220522777464
53 57 0.0156456955935905
53 88 0.4708206172833923
53 36 1.5633981141684283
53 8 4.504660259884028
53 98 3.604080473492168
53 36 1.811715616137512
53 65 1.378635917604521
53 14 4.034654507625596
53 39 4.177206136525635
54 75 4.950016498778204
54 20 2.2253124624994096
54 18 4.897239474058413
54 20 2.0674202312725436
54 46 1.0881846052557205
54 70 2.337906358612487
54 62 0.453312808081689
54 30 2.0250224075413
54 82 0.7259952035767365
55 36 0.7327374023500712
55 21 0.23566892058705158
55 49 4.57138545685757
55 64 1.4972183700017985
55 100 2.290012764659996
55 53 3.115314937538772
55 17 4.2430080951532165
55 12 0.5251894544908945
55 11 0.5967402953831463
56 27 2.808996189887222
56 53 2.4605121492035384
56 38 0.622927566104548
56 30 4.012061085875801
56 25 0.39398397142026004
56 95 1.4283458374664544
56 65 2.7856979122241516
56 20 2.8550506832381015
56 16 4.782267050259775
57 49 1.2430548965047001
57 37 3.926771647244251
57 77 4.782684588406061
57 23 2.5990428406062454
57 98 2.690781631702517
57 86 1.7605391421789076
57 36 4.555687108233484
57 43 4.242076715723519
57 81 3.935852281031038
58 4 0.47568379259990407
58 40 2.639900956970003
58 79 0.32375518228882977
58 85 1.4753120547907341
58 35 3.446876778060178
58 14 0.7621112142103719
58 75 3.565406665099176
58 14 0.892579275772222
58 32 0.16350849926031322
59 9 4.339891065866761
59 93 2.237584702596058
59 29 3.3227210360127106
59 42 4.9023384497738345
59 27 2.6850136912290554
59 31 3.344421805308378
59 1 3.3832637814661437
59 87 0.8679660953688646
59 12 2.3852931943157722
60 41 0.4502385522395627
60 52 2.1411445092496626
60 2 4.613151018469109
60 17 4.894424191173506
60 66 3.254344786318541
60 73 2.5237232029315204
60 9 1.0216107610101033
60 15 1.2021873926907214
60 18 3.0694170047120197
61 86 0.30865115304490603
61 78 0.06818256550087147
61 95 4.934298620251844
61 99 2.759567254735731
61 36 2.5630689647297977
61 47 1.8757430952662548
61 54 2.78860150040884
61 91 0.6888671578406925
61 40 2.9559230893989756
62 55 3.941208025135182
62 83 4.89118874689853
62 69 2.342423640438049
62 35 0.9367940629358907
62 91 1.005732579330537
62 3 4.358406021527843
62 73 0.2098900173282938
62 43 1.5177444055689517
62 23 1.1854428811651092
63 88 0.561139085775228
63 99 4.185864344463567
63 65 3.5809747831302072
63 24 3.492176208476082
63 3 3.0925745381593646
63 36 4.602442069966577
63 5 3.936029414984098
63 48 1.4580058838837133
63 4 2.932966120666652
64 9 1.7256311886880882
64 85 2.009342616302742
64 82 3.44551283657407
64 78 4.841227658332734
64 21 1.6547048618670162
64 27 2.7462985807589546
64 13 1.1592925741472409
64 86 4.228609318290574
64 28 1.4746407835883697
65 96 1.4996893008438525
65 61 1.4070263722625465
65 6 0.3946265724117283
65 98 0.5571023462888391
65 48 3.8789236439559835
65 97 4.408558482733316
65 22 3.305238043404573
65 86 0.20096156018346814
65 24 1.9349724251127343
66 71 0.21535496288803432
66 2 3.2874545686357797
66 66 1.872533448334148
66 59 4.4242297452777315
66 36 2.4093041623680316
66 49 0.4672465454773288
66 75 3.989006633010773
66 72 3.5828117384544815
66 4 3.9668104320173745
67 54 1.4639344872350468
67 15 2.279042108119284
67 27 0.2250947400286454
67 21 3.859837741433484
67 21 2.3956260936783114
67 61 3.304180113957894
67 34 0.05830759056945515
67 16 3.372883235947271
67 88 0.0918282274368559
68 95 4.804848744798962
68 67 0.3678788311567846
68 19 0.6862436307000833
68 43 0.029542859169460978
68 76 2.1639823442431405
68 89 4.801038753164672
68 34 3.4391524624982877
68 42 1.2287612850715766
68 92 2.7101733151972933
69 40 0.403777518405088
69 98 2.612972440460312
69 35 3.05410516354441
69 70 2.553019972254687
69 70 4.917108938778687
69 72 1.6657786312040406
69 94 1.0210387711911435
69 26 3.474619731335168
69 82 2.32446625306724
70 63 2.5042516468620923
70 95 3.6249195019533196
70 28 1.4295071044722831
70 76 1.16853779929048
70 59 0.796569923630783
70 27 0.10537424548852159
70 12 1.542736954293154
70 95 1.8404373106866865
70 63 0.0805604606468252
71 16 1.0120632581428117
71 81 1.0542959499388644
71 13 1.2013221501506894
71 42 1.3163880691933159
71 42 0.5020482098785278
71 30 1.5805030640851039
71 32 3.96496079906476
71 98 3.6542455834341285
71 11 4.52447785573624
72 19 2.970768216749045
72 75 0.660336455281205
72 28 0.8814730506331022
72 23 2.97804271555196
72 63 4.453085808410544
72 86 4.653786806655599
72 25 3.750942931271089
72 2 0.5647012725412022
72 55 0.4975217956397645
73 83 4.103201306348137
73 94 0.0700907478298066
73 21 3.470200394482248
73 63 1.2280374114317436
73 30 1.9915641073798735
73 89 3.8739799256861764
73 26 4.71941017726631
73 49 3.423252363783648
73 15 4.593422650273192
74 12 4.831517289757281
74 5 0.5517226555894921
74 69 0.33384265815011754
74 36 4.345821881425883
74 68 3.4256329999591375
74 12 1.3599578981409326
74 31 2.5849462621627146
74 23 1.9354409152746912
74 62 1.9683043380888394
75 52 0.16135661342479155
75 91 3.340864102859528
75 85 1.5797241433678915
75 4 1.0805084238139127
75 18 0.8067291467543192
75 25 3.0091211226398342
75 9 1.2416201939220066
75 82 1.5709159794803935
75 23 4.396558242468635
76 35 3.6497617420731427
76 59 0.35359743334715654
76 1 0.34232083913610045
76 10 3.456867513331566
76 80 3.3186334463896596
76 49 2.8217313847222383
76 0 3.1417640843674253
76 91 4.63551227262495
76 92 0.30434601208605994
77 35 0.5033386068636813
77 69 2.3062381229322
77 33 4.093882082157934
77 33 1.3623637339926487
77 94 3.2496224675226926
77 63 4.86647906619054
77 99 1.3757884623969103
77 26 3.314405067339008
77 18 4.1963450337797505
78 26 3.4730497065846193
78 10 3.981187113963651
78 74 3.940668146018372
78 17 2.0332973858258114
78 72 0.06819742301693099
78 88 1.8212178039110698
78 48 2.2489352665668285
78 18 1.822676492547544
78 85 0.6144412379087157
79 93 1.6573404251435981
79 23 3.5112191781718685
79 25 2.8914008546639565
79 74 2.2913655185719457
79 62 1.5726167704023166
79 21 0.3946577489770142
79 60 2.3094806461641904
79 64 3.1684404904465397
79 25 2.257898956163153
80 28 0.608985147679338
80 69 2.5233807229341525
80 13 1.5815367637074536
80 26 1.2819852417768889
80 17 2.5840834637166563
80 90 0.3835702840770131
80 89 0.6615770596486623
80 36 1.6147396001331913
80 27 2.761144317631125
81 89 3.195304834468303
81 89 3.1011645811080557
81 13 3.0955005842209076
81 28 1.0187894681687124
81 19 2.9289251533267784
81 98 0.04994482415518861
81 20 3.7965930962041092
81 33 3.434148434280531
81 77 1.8748080865579315
82 21 3.802667857178901
82 37 0.9046750675034906
82 18 3.8463037850156434
82 18 4.2875768175585245
82 12 2.909882842694981
82 11 3.4264426572567284
82 100 3.4213349492041796
82 12 0.9034790564260705
82 61 2.7890530985932447
83 75 2.157644086717286
83 91 1.700840718236709
83 61 2.7660541532249323
83 59 3.227509062162661
83 58 1.480039187850846
83 3 2.417429819517344
83 6 3.1242554923265087
83 48 2.106802741984382
83 89 0.1873430984243325
84 56 3.239317237616892
84 89 2.6947370119352403
84 69 2.521054614293898
84 91 0.660085824384726
84 66 4.322420412439181
84 70 2.125635366825295
84 23 2.6060519187521605
84 1 1.169541477683898
84 80 1.2137104233220204
85 55 2.9912547815821124
85 44 4.202178286525155
85 88 1.5701733549478865
85 39 4.5123189274779305
85 85 0.38978077202437533
85 10 0.7119343360843252
85 9 3.587157657505217
85 39 1.6701965486431238
85 12 3.1812130519448827
86 47 0.016173258576393623
86 21 2.77599387904776
86 12 2.292307316472852
86 17 4.721257204002433
86 91 2.0028508859078005
86 85 4.5422171169704635
86 24 0.9543334480281174
86 17 2.7304776975492477
86 20 1.625390349298061
87 36 0.9291021934690454
87 41 4.432003848233854
87 70 3.243938509068666
87 23 2.5928445187054203
87 42 4.202387620723331
87 62 1.95688300886484
87 63 0.8416246297388207
87 17 3.865080000684969
87 43 3.084207072358234
88 50 1.833480626828598
88 81 1.0230623653043807
88 73 4.6897616652646095
88 32 2.3402208039039056
88 5 0.12897063974093242
88 47 2.0304545337392623
88 29 3.256774699812508
88 2 2.443068145058502
88 15 3.5091690341289663
89 57 4.290842743814409
89 3 1.8077714890202963
89 11 3.1623047322196354
89 76 2.5016803532771092
89 10 4.336674176829975
89 18 3.2295059385560285
89 43 3.4584075357208146
89 4 1.1545205894128991
89 73 3.7914183504421985
90 95 3.363763418319412
90 35 4.457255831500658
90 36 2.780038542604636
90 6 2.9672773317634045
90 27 4.441431317437274
90 48 2.9645490788808257
90 30 1.1932114468501982
90 6 3.6211978124425155
90 62 3.2069797052389375
91 80 4.436956197968135
91 57 4.590210386953626
91 7 4.8095491729862205
91 31 3.0946173215170316
91 69 0.7754295807287931
91 22 3.9957926369892127
91 37 3.3541376174981723
91 39 1.9482494199073424
91 56 1.485302962863923
92 65 2.1664808741435944
92 21 3.5944298031487985
92 48 1.160415450142833
92 29 1.9188410182627875
92 17 4.764412962164721
92 51 1.3609653472292167
92 46 3.4455282378921415
92 4 0.835802592810123
92 87 1.338713835685798
93 5 2.546654383614193
93 86 2.89562187835874
93 13 2.0025212842921167
93 22 1.5514658094686755
93 6 0.9518394333658803
93 6 3.85150852492076
93 89 4.063143722716618
93 79 4.931584725782726
93 20 3.664982930445875
94 76 0.6113287150401882
94 23 3.1652444591141795
94 91 4.795236844320102
94 97 2.8868703383141625
94 21 4.116989654051135
94 0 2.7714080358839412
94 48 4.303176000789858
94 53 3.4111273315360826
94 42 2.626638484825401
95 61 0.5431372253694324
95 39 0.162599672250826
95 80 1.5825207044356482
95 12 0.9878084155141793
95 0 4.595635089714092
95 28 2.4071763577587277
95 31 1.4482200398905059
95 18 0.5683209740637842
95 3 0.574109401003244
96 60 1.28376224796641
96 86 0.935428820031634
96 56 4.141540415942343
96 73 2.4927915348468583
96 52 4.882144365877051
96 3 2.5772200506475316
96 11 4.083381571752529
96 80 4.433786303420206
96 33 3.09670399298097
97 4 2.756902601771333
97 46 0.7103293848697529
97 79 1.8200488062484586
97 29 4.442805604956636
97 58 2.0634578189164445
97 45 1.8697517560374817
97 92 0.08793495439787095
97 55 3.9322713142323766
97 47 1.1034357534789583
98 23 1.8841440687586326
98 19 2.9259414684382823
98 3 4.459529563284269
98 47 4.498569728887683
98 71 2.9222816501978848
98 64 1.9568775825929163
98 47 0.926394345982157
98 11 3.4212347793419045
98 56 2.2137452397297808
99 56 1.813026108968731
99 84 1.6284369225310074
99 39 0.01898911998911176
99 1 3.1694807675794374
99 21 2.9955692640925164
99 24 4.00329325185688
99 59 3.010898740048769
99 8 1.865874126917622
99 14 3.1352430048125774
100 35 4.7795493702868805
100 85 1.5433605172136464
100 16 4.082696656024073
100 93 3.836083145609517
100 97 1.9192779079501143
100 18 2.0490728568281305
100 53 1.44304367832137
100 41 2.195228854473813
100 16 1.3418360066278587
