0 19 0.9988233835633534
0 33 4.186383335644331
0 75 3.6592266669817373
0 19 3.1877070314033484
0 44 4.730391772518805
0 70 0.09072273418373543
0 85 2.3867929870683335
1 95 2.426356565229503
1 63 4.9073762423316145
1 76 0.3444015153327789
1 51 1.7744710933342078
1 68 4.5821514472665585
1 55 0.6614627152628358
1 81 4.325929818644811
2 73 0.23107167744601007
2 54 0.9351524367900886
2 0 2.9217593415292864
2 20 1.7672259900361178
2 100 1.0157577876310406
2 81 3.172554036030869
2 46 3.4412276962266506
3 18 1.6598559265146622
3 87 0.37031437167847214
3 67 3.0324089975428827
3 82 4.461899110405902
3 62 2.9063438721808934
3 7 4.7007291396602255
3 16 3.786832639662772
4 41 3.0020634902761274
4 50 4.79420301330608
4 39 3.0496659994655926
4 37 4.874543911913262
4 59 3.6878529514637854
4 26 3.9194488117627904
4 36 4.026172546130716
5 82 2.2843952863313377
5 8 2.277582976898749
5 34 4.189452433405768
5 99 4.264214059893782
5 25 1.7425410686859373
5 19 3.031986831551845
5 16 2.0597429651628363
6 24 3.982996874332483
6 72 2.522138623516296
6 28 4.8831156961376205
6 99 3.893123440083055
6 77 4.405932166232004
6 28 4.05873345725867
6 6 4.890005816512951
7 34 4.062192153981774
7 37 2.1736959576421135
7 67 2.901529487278771
7 60 2.4104643853064704
7 46 4.325638858380289
7 33 3.4700043134004503
7 47 1.2597678811855648
8 41 2.3469868150430133
8 93 3.4958632232957845
8 9 3.919869883269985
8 92 2.5741489167253735
8 8 3.0464366967566656
8 76 3.1148066185857166
8 90 2.5192317014876013
9 87 2.3547339834106817
9 33 3.2301838884248966
9 11 1.4324694962092324
9 25 1.7577656573089144
9 38 1.518649548951848
9 97 3.968165593216377
9 21 4.3094847623939545
10 100 1.5244698106841343
10 46 0.8596304790395234
10 32 4.277825586285768
10 98 0.1687821481721879
10 73 0.6952703983354034
10 60 1.12219973567485
10 44 4.666981301688867
11 14 2.668179603330336
11 35 0.16259033088066777
11 46 0.025345618643723297
11 77 4.520138429600821
11 59 2.2566198053286364
11 48 4.3977294150884285
11 13 2.2218564491482433
12 17 4.680948944133226
12 9 4.544174222675516
12 5 3.3158833280205258
12 72 0.24745958002379467
12 29 0.8661948049150865
12 79 4.686658480142129
12 60 1.2780979831202566
13 7 1.9475114458296983
13 65 3.679117984094193
13 76 0.75319764594474
13 84 2.861354585537573
13 67 2.9037314873966036
13 63 2.0967771700381217
13 77 2.725590392475504
14 24 4.690694067278633
14 69 2.7395423349046335
14 74 1.7546734002628401
14 3 2.503569497710471
14 45 1.688975484688592
14 12 0.7860639889667068
14 54 2.96635357001142
15 29 2.9015661794272125
15 82 0.752731607135141
15 75 4.546759080046271
15 31 4.380902832865137
15 41 4.983328069107802
15 42 3.200120926225663
15 31 3.9255965268032735
16 96 1.6754911658004927
16 79 0.35501757345730917
16 83 1.3368866589124997
16 51 1.4675398645566289
16 72 3.9814653528953414
16 78 3.1784148382079316
16 25 4.0633139209342035
17 10 3.2909033246934847
17 75 4.3486984872634205
17 11 3.95429054755943
17 69 2.5272793889821004
17 2 4.546523188714943
17 54 0.49313012191789907
17 5 2.3980221485183137
18 35 4.824604013541433
18 73 4.686186690751887
18 55 0.7994145125705175
18 93 4.488325022888054
18 34 2.6891981566461105
18 91 2.5875570143140405
18 83 1.1667900394310668
19 5 1.1350517001939457
19 92 3.745506257791156
19 66 3.209269259047322
19 84 2.78766470553986
19 78 3.422986549619372
19 88 4.24654211621835
19 45 3.0465224811505838
20 13 3.891578352980853
20 9 2.4668898808342017
20 58 3.566737254212248
20 97 1.4828962166390223
20 42 4.45356072333968
20 55 1.2421929741841131
20 76 4.662887631721912
21 21 2.034431628901242
21 11 3.4710569721326934
21 4 3.871487758636152
21 50 1.2345460065157796
21 95 0.07932057118817382
21 57 3.9990118940956747
21 0 4.58833210872977
22 27 1.3425870472123809
22 36 3.1933069918892247
22 38 2.8732883820349358
22 24 3.3800046455494783
22 81 3.813725739651062
22 46 3.6790219116022764
22 79 0.46255916477838294
23 2 4.920046114763122
23 36 4.362565689081561
23 82 2.038100444247345
23 40 2.721335063625473
23 29 4.823629566406528
23 25 2.863318565337408
23 23 4.277221733514899
24 95 0.9607139381164311
24 17 0.2219733178429834
24 69 1.5197858767645078
24 24 2.0171907073154043
24 55 2.2089184915157563
24 50 4.059755350312336
24 61 3.917244201410185
25 12 0.48579698754188105
25 44 0.7634056366087703
25 11 2.9191279287713665
25 78 4.099242383065853
25 13 4.519223530215234
25 10 3.33438183624236
25 35 4.75120079326875
26 93 3.337459985485946
26 69 2.616575535584626
26 26 1.9463921444384373
26 19 4.5438982449222625
26 13 1.4300247138967699
26 17 0.7364699053886308
26 6 3.855120140474194
27 72 0.21448528517975768
27 68 1.7586570411987645
27 10 2.941574112173298
27 27 0.9479735329081204
27 90 1.5062282452292617
27 37 0.9258933203402233
27 70 2.083289833458384
28 81 0.06764883666590134
28 64 1.6202244001620068
28 35 3.0655220080538594
28 21 4.6094016394908195
28 60 1.4408576576682999
28 89 0.601276937803623
28 0 2.5304929676035943
29 2 3.46901962693297
29 57 0.9863649073485885
29 85 0.3555586236728144
29 17 0.05323753424876554
29 51 0.6055882039544284
29 78 3.0944181196837013
29 82 0.9286841174371491
30 53 2.6068902357022323
30 53 3.635976035582865
30 15 1.566198697380483
30 72 4.96926015735278
30 56 0.6476407342732855
30 23 2.306751181151407
30 32 2.2200756135404207
31 20 3.2488657657153626
31 6 1.12596074731178
31 97 3.350360750591907
31 42 3.7660400048831733
31 30 4.1647714550601025
31 92 0.21072907123872486
31 4 1.087674831370851
32 54 1.6995611737687526
32 16 1.760274250124598
32 55 0.3920563837857711
32 44 3.3048275451934273
32 90 3.1875942144632265
32 63 2.6234428531210794
32 92 0.7852851109563798
33 1 4.150405571198001
33 84 4.984535877168177
33 53 4.401145235271519
33 15 2.394039958133088
33 19 1.4582165476382405
33 35 4.552306516380882
33 66 1.961700992447071
34 11 4.741206443582396
34 100 0.029979286963886322
34 88 3.602106819460558
34 91 1.8600861709452219
34 45 0.24347174467283791
34 89 2.777665196239359
34 61 4.172023402566204
35 51 0.558834523350126
35 74 1.210471110748375
35 29 0.6381736121738057
35 16 4.660525298880623
35 91 0.9955236788977581
35 51 3.1869596739853026
35 18 3.7036656570580266
36 33 2.5790364657908813
36 23 3.5279584156561583
36 82 0.16065282611439283
36 5 3.403796856422882
36 30 0.30889507129764066
36 44 4.910234906383055
36 53 3.4782740123689475
37 43 2.935481067109537
37 45 1.3700346570632305
37 84 0.6203742280283319
37 39 1.2845726149045522
37 56 3.8523285382565673
37 1 4.498642945547718
37 41 2.3542208226573544
38 72 0.01910994744759362
38 10 4.123328970757809
38 1 4.555229911871418
38 39 1.4057733920792823
38 24 3.6650436377821847
38 77 1.2034290729142858
38 100 3.4175615961031776
39 14 3.1731882298561396
39 17 1.1942298751956766
39 75 1.6188456618052702
39 0 1.1165660992451747
39 50 0.14479206006162573
39 89 0.46262170000540576
39 38 3.5809186273260107
40 27 2.6428319513256757
40 70 2.48484211768601
40 13 4.799201237149541
40 52 2.6607052016506327
40 32 2.3002086819453
40 31 3.5990728840092894
40 49 4.6879805108713475
41 17 4.931045932750402
41 95 0.6396313167974369
41 24 0.633933110952121
41 81 4.843908144683793
41 89 0.967316750103161
41 10 3.77173089373102
41 31 0.6520441087265341
42 73 3.2202986043748787
42 71 1.589577466561527
42 73 1.8783895087815672
42 64 1.4228562669895701
42 71 2.0217122880484224
42 93 4.868299941343819
42 32 2.7205697968809126
43 84 2.181280070241618
43 57 3.2212338961577527
43 4 3.977308812196576
43 33 3.098331328202435
43 81 3.650761808811974
43 8 0.6569294166605317
43 45 2.6684846071231996
44 73 4.552488493576495
44 77 4.870206216650284
44 0 4.911181432727586
44 47 1.7222794085423092
44 24 0.43579983343289397
44 5 0.1895715807884449
44 36 0.908122467823715
45 77 2.4117070865454746
45 49 1.1332549729030261
45 46 1.026886549253894
45 64 2.6913522439178177
45 97 1.2849357854473713
45 92 1.1837597351849232
45 21 0.6836659085276902
46 75 3.2710406985357516
46 74 1.6180286948324651
46 93 4.9843989718369555
46 43 2.6534638750096073
46 42 1.2363257067519362
46 53 2.035113068357048
46 18 0.7067019230589439
47 87 2.216943509832759
47 64 2.767625126513534
47 98 3.982188015650036
47 21 0.2833682972386458
47 63 4.696169225096726
47 10 1.4197897855282355
47 26 0.5921535202856324
48 42 3.4459978565176623
48 90 4.2682783165211875
48 40 4.614752222858973
48 73 0.8818742838779817
48 39 4.519337324264677
48 44 0.5467399228016099
48 100 2.565238896691861
49 32 0.9676497779320563
49 57 0.33450377705053863
49 73 1.8116701278064034
49 69 3.6821359418723425
49 77 3.30278093297134
49 0 1.5089665058655437
49 39 3.136261195171048
50 70 4.085324637103062
50 42 2.669531341047892
50 56 3.0249345239922323
50 16 3.9498283829829828
50 27 2.025020103418212
50 30 3.054179562660977
50 0 2.718860611063008
51 38 4.931707784165425
51 3 2.730137474845904
51 99 3.070387703464604
51 54 0.8141835660766955
51 84 0.44015596965842874
51 51 3.478110013532004
51 100 1.3863030814175152
52 6 2.4982087192186
52 69 4.669570562213267
52 80 2.1778554222034567
52 53 0.39191684294762735
52 80 4.009908136949587
52 33 4.429724071553858
52 11 0.12103112050996422
53 54 0.9388593882382447
53 26 1.4352697172447582
53 10 2.2556769406565964
53 18 1.156918413174547
53 89 4.887109294509861
53 74 0.3484462786828703
53 75 2.3261842226406046
54 38 3.4732914197498483
54 20 0.45398547688332147
54 22 4.499972768828172
54 34 4.671855289761165
54 84 3.403667183411681
54 70 0.07917638627536548
54 31 4.380501739097096
55 60 0.8037464105770011
55 44 3.9334585180226824
55 21 0.3972592061155389
55 37 2.8756964273028256
55 65 4.771301414729283
55 9 1.3224936246881966
55 10 2.51064862463415
56 9 0.03792677430367847
56 62 2.729935172874296
56 85 3.1290689303129775
56 28 2.636376403126759
56 38 3.108370723925074
56 74 4.882903166699043
56 72 0.5013486246958738
57 37 4.220519743118917
57 73 4.738162844102669
57 96 2.3140045395464304
57 5 3.8512342396905823
57 35 2.532177362822006
57 88 0.5180822112050699
57 10 1.7505713010380026
58 44 2.779363010760219
58 42 3.1160531129170224
58 8 4.054030057088687
58 98 4.416692520900703
58 59 1.572495182546301
58 31 4.04708609969297
58 43 0.05241873797614377
59 40 4.326293991837832
59 1 1.9692500531417771
59 94 4.811906848502578
59 89 2.132355089083841
59 24 1.2977304118034443
59 85 0.6419550967879822
59 58 0.9521253310015424
60 27 0.08480214748948627
60 84 1.0097242824774517
60 58 3.857548713551552
60 54 4.965758584311192
60 9 3.1838772299306215
60 37 4.213333738218894
60 79 1.4003861319276825
61 59 2.563688794842167
61 21 4.214827121582539
61 41 3.340036902097514
61 21 4.359236424096655
61 89 0.9976742431071935
61 69 1.8763144553813105
61 92 0.2442935855445365
62 3 1.9416071852313914
62 72 1.6868127100839603
62 24 3.549028106207802
62 10 2.5460974395054556
62 48 4.09983898884323
62 6 3.148446265182455
62 85 2.8273202774302577
63 4 0.5111699648497088
63 65 3.22179355683176
63 18 2.1021037786600116
63 92 2.5598627801492086
63 17 3.4999659841978903
63 91 1.406353494098771
63 70 1.1692834971370167
64 3 3.076542435452313
64 29 4.139763220852868
64 39 2.480051291753692
64 69 1.0608434381611733
64 92 4.5041570435302605
64 74 2.410690287595613
64 81 2.7939769100446292
65 93 0.8919808223283456
65 47 2.9102005464382508
65 8 0.7286875965309164
65 4 4.107233109385017
65 22 4.924461084108187
65 36 2.5029051021524866
65 86 1.9072685065106028
66 94 3.2557449921731956
66 21 2.947820465326546
66 83 4.221521433103968
66 91 3.163803372610952
66 11 4.900137272349458
66 88 3.1161448533023868
66 56 1.3256965177130882
67 84 2.081725704820783
67 18 4.681944754172215
67 69 4.208599388668844
67 15 4.0464095486604625
67 17 1.707352484036668
67 0 4.6639518782274205
67 23 3.572085678450939
68 52 0.9475867581515929
68 96 4.6064981312319055
68 84 0.0640353475588681
68 58 4.331160662411791
68 17 2.6596447246798953
68 65 2.5321088636649685
68 41 0.057936080740854976
69 39 2.6055940344279285
69 5 2.981202257445896
69 22 0.6107557914295341
69 89 1.0456321805889146
69 56 1.7273672453088746
69 87 2.6173839952355538
69 29 4.094013482662427
70 32 0.7729912490836983
70 49 3.3337998933415642
70 75 2.823068311957344
70 86 3.927624659206741
70 59 0.07341380772162773
70 22 4.54544205500876
70 4 2.4647919047769427
71 17 0.0005315402651495848
71 19 4.27985995352562
71 41 2.1758937214815384
71 48 2.7008414417501303
71 47 1.7147173657542074
71 32 2.8071537344712882
71 27 2.3307050334249753
72 83 2.8907219412530805
72 88 1.888881893898027
72 67 2.7256704133543117
72 11 4.154889761419477
72 71 4.216863999062488
72 4 2.1727951299029757
72 32 0.8688567250738309
73 88 3.5155852036614914
73 86 2.649554348466046
73 43 0.24652096814624452
73 25 2.0469135612338785
73 97 2.6066481707608866
73 35 2.3702057517854245
73 79 2.145036831744942
74 58 1.4302810306651685
74 68 2.6900068753632946
74 90 2.0530133618378104
74 11 2.147910976730388
74 66 0.6112814250833629
74 22 0.23200426758599893
74 72 2.142957909978863
75 29 2.4346631621657036
75 3 2.8895952636478666
75 5 1.4485325149447759
75 72 3.003386361187306
75 11 0.44038277328822145
75 10 4.955378852405176
75 37 1.449555475726619
76 7 0.37131674251783314
76 15 2.828398624016875
76 18 3.6451074685980642
76 52 4.14049344842436
76 78 2.908344171685081
76 8 3.710744011602679
76 48 2.540344508981571
77 57 1.9170362964102121
77 99 4.647528133864047
77 63 0.8495566476054535
77 85 1.117850474516513
77 23 3.1278729073438494
77 67 2.1166381907753933
77 18 2.7768601658448535
78 19 0.4983198966910228
78 95 4.926704820538336
78 95 2.196109069733801
78 5 2.8010834073454522
78 80 3.871084189389233
78 31 4.663806782248861
78 86 4.913818442571781
79 78 1.4632952299464357
79 19 4.2085003193604775
79 89 0.34245273564130957
79 30 2.7648120529548215
79 98 2.6266986351376294
79 54 3.952354571562597
79 55 1.9598408120695126
80 51 4.050278653960925
80 17 4.987136199170653
80 44 4.855680993260985
80 39 3.5568854633665317
80 40 2.369241657186639
80 51 2.4865562193895014
80 23 2.663745626211646
81 84 1.1509806723367377
81 61 1.9858959193796957
81 78 0.7024398707848915
81 53 1.1530116754709645
81 6 1.0565191483693481
81 98 4.212364180092918
81 22 2.054790819051201
82 91 2.109348588294135
82 47 0.8629398196006876
82 68 4.396076914004657
82 29 0.9214579953783836
82 92 4.959819245577346
82 46 2.8632407221990506
82 2 3.0615921470828376
83 66 2.0747067183570853
83 84 3.7019495317356172
83 65 3.3786607132055853
83 52 2.3355205731850712
83 56 2.5356287653826954
83 34 4.73448417632657
83 20 2.9181546251728845
84 97 3.675687656276952
84 12 4.616828802347637
84 32 2.5361321260192793
84 64 2.7236903834003163
84 50 3.144012223266556
84 0 1.9303749785077704
84 30 3.6081350293229453
85 32 3.125517942901968
85 32 4.2469861169019145
85 34 4.588791768222978
85 30 1.3884254746216185
85 95 2.9368047592490885
85 74 3.1978248799702746
85 25 1.4914976568282512
86 65 1.7733605096470733
86 80 4.548547135676636
86 91 2.9712784558870755
86 2 4.657175792055126
86 95 3.0111825903323397
86 51 2.326121046127857
86 95 0.07407288103538276
87 84 4.284033178165867
87 74 2.6912210555116514
87 79 4.168575604762426
87 78 3.829744264108034
87 94 3.3618330855310576
87 90 2.6716247403339044
87 48 0.3052364200568345
88 33 1.028197999381881
88 32 1.1359405058711962
88 8 2.3166664986993295
88 46 3.477641623625002
88 52 2.830907698848665
88 57 4.718589234461611
88 26 0.3138645730546305
89 9 0.9338040591085575
89 15 3.8700598963356883
89 32 4.034524950819221
89 68 1.618271993849288
89 29 3.488554519372783
89 13 4.579478568981182
89 39 3.1790954155632702
90 26 0.3380777843341013
90 23 3.899762241884877
90 88 3.42927932493165
90 37 2.99290231301121
90 22 3.2140047300894463
90 7 4.457909101279908
90 24 3.467447206759319
91 55 3.4048076100423716
91 64 1.3235155106428798
91 62 3.535170744831249
91 70 2.9524961761999022
91 51 2.083540424950402
91 40 0.6142166753800085
91 21 0.007663261934507689
92 11 2.9746336271858094
92 96 1.2403702597969402
92 5 1.115457729142835
92 16 4.03128171694361
92 81 0.41055092909612584
92 10 1.2544458926580384
92 98 1.3953589519274427
93 46 3.130644162447647
93 27 2.698612654985511
93 61 4.800754547388999
93 92 0.6850598060637801
93 89 4.440660269209587
93 98 4.071774759828354
93 2 4.797394380373318
94 9 4.674624856013607
94 78 3.999779681036748
94 36 0.5455656436663544
94 70 0.37630580087801085
94 44 1.9802535295745562
94 77 1.5379232603763353
94 98 1.5893536894107796
95 83 1.6367312005105605
95 95 1.8022605570680452
95 89 4.809571927727129
95 98 3.68172732905372
95 90 2.170862196529132
95 55 3.777751472487553
95 17 3.9581241259077125
96 64 2.571177699299985
96 16 2.9463686314937383
96 19 4.246668061567673
96 83 0.5706738439058423
96 12 0.7300825585908512
96 52 0.449814604364208
96 61 3.7333858360623036
97 46 4.374250110791088
97 75 2.086658848120563
97 66 1.7171211140215876
97 41 4.015090754119163
97 83 4.373595873987776
97 50 1.329994898331616
97 84 2.8536759353295578
98 25 4.843040123041734
98 46 4.58757718453574
98 51 4.229830208735251
98 52 0.958402587941149
98 56 1.1223660794802035
98 5 1.3868915359856986
98 41 3.8486549546517193
99 94 2.879209934225072
99 50 3.093318875412777
99 34 3.703361492483323
99 22 2.337949880559862
99 34 3.788785371868586
99 97 2.829977146180173
99 9 3.074120897578016
100 72 2.0081492822119755
100 51 1.8833636265488662
100 91 4.792077563211206
100 94 0.7391878990228579
100 77 1.0962090372321098
100 100 4.244571481607671
100 20 1.7818866464367253
