0 19 0.7904340623028789
0 79 1.6726669584311462
0 12 4.321841569646989
0 68 0.7429450230551357
0 94 4.648701248566367
1 100 3.675322923089795
1 49 4.369056008774831
1 61 4.4597442649192915
1 19 4.6298450817002195
1 8 1.5392263999446683
2 89 0.726714439457498
2 73 0.13789223439129186
2 91 2.822396558475563
2 58 3.7419888983047698
2 52 1.286431003432685
3 14 1.3416159822663367
3 88 0.7369156803111142
3 22 1.695639676899748
3 13 1.5420323905272875
3 41 2.1698795725682274
4 9 0.7442838086718108
4 61 3.275892860724107
4 24 2.474893789437069
4 61 1.1180887831512991
4 36 2.032399552519334
5 19 3.3649999696820667
5 49 1.913436099286646
5 25 1.4720807730468015
5 80 1.6739856874247407
5 72 4.798827883942919
6 65 1.9127118348080698
6 37 4.5296941112453535
6 81 4.058098198135322
6 54 1.2447097193479253
6 12 2.1297998923847707
7 52 0.7264049978777866
7 8 2.071560045484573
7 62 0.2424745954708978
7 24 0.36408331684079337
7 40 3.83543070443171
8 61 2.4850593540080674
8 46 3.269115639662702
8 8 3.9525211098328352
8 0 1.7086001316962884
8 97 2.148453419291142
9 75 1.0407209003925288
9 41 0.03552296547558094
9 22 4.213688658064013
9 38 3.0801929480622676
9 42 1.721519062398115
10 2 4.349820312868432
10 12 1.101484482982458
10 84 0.7770004619296579
10 52 1.9967342900277376
10 35 0.7540961725199921
11 48 0.5816770111798661
11 19 3.522174899700454
11 46 4.261644873547784
11 80 1.6262153404986437
11 86 4.824073776797238
12 13 0.4722995297986061
12 22 3.623809329921303
12 55 2.436039010879271
12 52 3.9171766099105048
12 15 3.1539674408883176
13 12 0.023615494338311376
13 98 0.5675072887987695
13 82 3.981855712216428
13 12 1.3990535587812447
13 38 3.556198058727567
14 56 3.7275465516990764
14 33 0.7255776735936498
14 58 2.0572396576595855
14 25 4.853366394315988
14 70 3.03181345291537
15 7 0.26997000506980207
15 30 4.4416632114253645
15 14 0.08865231170281275
15 22 4.785056481896687
15 1 4.459658451332308
16 96 2.9298350405989466
16 61 4.1189171444597585
16 0 3.2595455849100254
16 47 1.6884357146167017
16 45 3.5331256776592714
17 92 2.5148674085218174
17 93 0.7971854568822777
17 70 1.5719783968727117
17 9 2.212170379877903
17 39 4.2403318377962576
18 91 2.5753393420373656
18 58 0.15591543998614152
18 2 4.672344175738685
18 4 1.9703312529266424
18 90 4.060164277628553
19 79 3.0820491872284035
19 13 4.617194749722437
19 1 4.331876340860849
19 100 2.182885001525835
19 21 0.3384119347967924
20 8 4.944704787534376
20 66 2.8467059173140905
20 17 1.8131497208752474
20 3 4.427544318407402
20 37 3.394552183444595
21 13 3.240413007125728
21 75 1.3740883048349533
21 57 3.366875599958782
21 14 3.1990404778692123
21 0 0.008844818738305168
22 90 1.946081000851668
22 25 3.7451223593904475
22 29 1.8246176983323619
22 59 1.0158664083600513
22 39 4.734283081778665
23 55 2.211614992158828
23 11 0.0036441844861627316
23 74 2.3405552253056325
23 78 4.405871142670888
23 91 0.9944658264887708
24 66 3.4450999538392617
24 95 3.603464967818653
24 24 1.5524295253628848
24 98 3.4072870818098955
24 40 4.565381544164661
25 47 4.378002843268424
25 39 2.7422959655331827
25 72 0.3385981607151952
25 48 0.86453287454114
25 36 1.6231930111179689
26 25 1.8599885426163516
26 48 4.818488600126244
26 74 1.2590841360815626
26 83 4.074104423659133
26 12 0.5669892983896123
27 49 1.3749460356763357
27 99 2.203537005745894
27 0 4.379196618410984
27 26 1.3536083629083697
27 100 3.5646148932467385
28 69 4.15024027892062
28 93 1.5231468500598924
28 96 0.870875791915364
28 61 4.263417561249463
28 46 1.310794102012929
29 36 1.9549691592669707
29 4 2.4257559429678666
29 96 0.757317002538539
29 19 4.082073629542795
29 6 2.156346592287344
30 60 3.3471982108433207
30 71 1.738222318981882
30 18 3.744673231654951
30 35 3.5623845249432686
30 10 2.849905487795194
31 97 4.011571524365253
31 63 2.3631031575123806
31 1 2.87759897066131
31 81 2.3216355243617843
31 34 2.905837749264603
32 6 3.8220164448772183
32 19 3.1965217094637275
32 75 3.8085029537495743
32 30 4.043044806973763
32 70 2.896907379410472
33 53 2.5838072040120452
33 70 1.2617457121480637
33 93 1.8130303096670637
33 8 2.606929454961432
33 11 1.2156756385516176
34 41 1.6183295340292865
34 73 4.747573491169389
34 66 0.009046274417365342
34 99 1.9494470153408041
34 72 1.043069354370234
35 11 0.9289798160376187
35 10 0.33743768254101186
35 85 3.4001883132907054
35 49 3.264653436105807
35 18 0.0003919960455043603
36 63 0.5859920881549064
36 37 3.3278708191163617
36 90 4.194895855815464
36 4 1.9334752227232659
36 43 0.7076795242885248
37 39 0.03401645580944144
37 31 0.44923481981957575
37 99 1.8628918814978255
37 85 0.26740784250049787
37 49 4.285390776860923
38 94 2.807157917320417
38 55 0.3298561488985587
38 91 1.711765264560076
38 64 1.854593019154922
38 95 3.776256271546937
39 40 4.02561058809963
39 41 2.737452517399267
39 49 1.4394108790283688
39 63 1.3543644424695815
39 84 3.5829697401206326
40 98 4.781866682090661
40 35 2.7029449553763634
40 24 3.662419301289669
40 39 0.807063240469081
40 28 4.188620715564296
41 20 1.6054539231457339
41 46 3.937681092799379
41 96 0.32277046439333107
41 66 0.5113915255827969
41 60 3.5189931134456236
42 78 0.25381270478046164
42 22 3.7936201644863736
42 61 0.9950758112182663
42 22 4.027805101567046
42 81 3.9258890818365835
43 93 0.9342604295439485
43 80 2.8048484623612056
43 5 4.896557618963953
43 80 1.2593402560704001
43 21 2.0599521458476246
44 87 1.9787550941326364
44 42 3.2286061192100854
44 32 3.2390107210077312
44 73 2.6332716100585913
44 10 2.1148796747989893
45 96 2.539757876719435
45 52 0.47121890717366294
45 49 3.0730314530763874
45 83 0.41775719427802754
45 85 2.194092642150553
46 90 2.08006097866121
46 60 3.5724805297282805
46 8 3.0569278616325715
46 73 4.3736273875631
46 30 4.897166090139827
47 13 0.23566006989405858
47 92 2.586841428067009
47 84 3.5036236243187293
47 25 4.013399992784208
47 43 0.7269599529962902
48 81 2.843430592982452
48 13 0.07512273525547664
48 4 4.123133228501301
48 32 1.5455638903064162
48 80 0.337623482487481
49 87 1.4431033351832596
49 100 3.0905819857757377
49 29 2.553800220819681
49 62 2.803451812005904
49 0 0.9533070786670059
50 49 0.2505989531460226
50 43 2.607378975524864
50 21 0.20706315730247876
50 26 0.3989780812355859
50 85 2.7515185467069516
51 43 4.019597730741764
51 55 2.6264467421222757
51 21 2.331297795772475
51 88 3.1140488241082265
51 4 0.6066185542979412
52 38 4.413851110818359
52 56 2.50344037835524
52 15 2.0420520540601044
52 85 1.6843361755084127
52 34 3.4504959242699598
53 8 0.09649161098960057
53 64 4.414185675147523
53 85 2.8545830872312576
53 80 3.3214897567660397
53 56 4.709240966950644
54 51 0.3984997397453244
54 61 2.8456799801635517
54 68 4.563748776680277
54 40 1.3335426827224335
54 64 4.723826018256816
55 60 3.3119153747613823
55 35 4.702621265862926
55 87 4.220501402776309
55 49 2.182201964494283
55 21 4.534987113183823
56 81 3.3883813545242956
56 42 3.4752567750888765
56 94 2.7864770669076804
56 95 3.307789582965238
56 16 1.733408223932393
57 2 4.765645948486524
57 11 0.7387181222596465
57 81 2.968512346151053
57 1 0.7626327541579377
57 100 1.4874847619962275
58 65 0.583961228578759
58 96 4.828029937214426
58 42 3.5330194688131673
58 49 2.030733581550797
58 59 0.24212376941156585
59 68 3.7858672548421595
59 23 3.9927306306112755
59 71 2.2306231525240787
59 15 0.9841170254002538
59 75 1.3862852539360702
60 57 3.2440630537959585
60 53 1.6936554340626582
60 10 2.0684692031053236
60 100 0.9297564755377394
60 29 1.3992536831768305
61 64 1.613718669617686
61 56 4.329356355797024
61 75 2.2850357657798703
61 47 4.4930316185292405
61 30 2.688297191721069
62 57 2.0328665355933104
62 90 4.926570961256723
62 18 0.3860919437406844
62 47 4.227131522138197
62 0 1.3344046910768874
63 8 3.024823706525131
63 22 4.862258114236871
63 86 4.8597117946730615
63 78 1.3684906972077333
63 50 0.4263934780861804
64 3 3.476604249214229
64 50 0.4484267055938502
64 74 4.185263868668561
64 19 2.7484154027290657
64 55 2.2146686518609635
65 23 1.5814162361504458
65 8 0.13654611612022965
65 63 2.205224738474356
65 88 2.0042778877310967
65 40 2.5939576606621415
66 43 3.9822029769713803
66 40 3.2430136801042533
66 21 2.395205853076836
66 62 1.6323430061186688
66 93 1.0512999706882002
67 17 1.9711674091233622
67 73 2.161332030465503
67 86 2.8973452730159273
67 83 3.58962724699007
67 91 2.1910398149860875
68 6 4.7445425916671615
68 2 3.3118694036396485
68 55 0.5594536690556465
68 78 0.6747836679934024
68 63 4.239877344290312
69 2 4.138278627968941
69 38 4.574079263153824
69 36 3.7859261953032353
69 66 4.434741978503701
69 99 0.7155606755932197
70 56 2.4661727235647897
70 56 0.7408544986613851
70 95 4.900715536734613
70 40 1.635586119121598
70 40 4.94914902199009
71 73 2.7275707407816707
71 46 2.2417862826475035
71 29 0.12633721618154956
71 36 4.541369062915217
71 16 3.860589833319448
72 21 4.174508996412477
72 5 0.0927564499469937
72 84 2.97787618951854
72 85 2.1204026459740053
72 76 2.416992832425709
73 44 3.1131191289880853
73 88 2.6438095548611815
73 93 2.995292810788345
73 93 3.652402726995389
73 75 0.5675085441477814
74 83 4.970767561315977
74 11 3.1733420253264004
74 96 4.053086128380024
74 9 4.987305398039458
74 59 3.205700159058648
75 38 2.910202500470852
75 34 4.8421751596784715
75 45 2.4105710929652644
75 60 0.5787979093511255
75 56 3.261993847102844
76 33 1.1751901858990363
76 80 3.9451063691737662
76 77 4.304395736250071
76 47 3.7727771667063714
76 24 1.9566913980574092
77 85 0.7469468868684765
77 88 2.0232975031940885
77 45 2.549964753939034
77 88 4.742067873143623
77 0 2.902657134104752
78 77 1.4540066237623432
78 58 2.091845996258377
78 59 3.912886628191368
78 41 4.204285289871527
78 41 4.867003949637904
79 18 3.1439968427705267
79 53 0.5755800061120738
79 9 2.929110253880839
79 71 0.08287474444882033
79 98 4.511341174905261
80 93 2.744412693951832
80 27 4.593173170862562
80 47 3.093091722990827
80 4 1.601217739723806
80 80 1.6496497304768063
81 30 3.633921894338458
81 93 3.626390956472908
81 60 4.190442836164044
81 79 1.3071949977056443
81 73 1.4225956275653528
82 5 3.1672737687549306
82 13 3.1277179601893352
82 10 2.0903579037555637
82 87 4.499351593222739
82 5 3.5288624238651636
83 25 3.039985004004785
83 0 4.830494619977041
83 24 2.4551489424239215
83 92 2.049575763184642
83 70 4.334510526258058
84 35 0.051219878330113426
84 15 2.876389310779281
84 65 3.709497254380976
84 29 0.7410030578551778
84 99 2.290096035711799
85 17 1.0471142996548186
85 93 3.576453324298838
85 72 0.9858790521561435
85 27 1.5883051672853044
85 54 0.47525660039946394
86 17 0.2555688505272009
86 76 1.0043202817895112
86 29 1.0714917143488434
86 15 2.1710162058543516
86 60 2.261440417414793
87 65 0.8927171461169761
87 20 0.23187341806706302
87 76 0.4718043669729269
87 25 1.793464656883756
87 23 3.9039886943176856
88 94 0.7737826939057922
88 40 1.9215201125289612
88 23 0.23766636714367756
88 51 2.04465647011784
88 85 1.1765737353951335
89 91 4.5619576298799815
89 81 4.279699716076491
89 39 4.754505374259756
89 37 2.565973707141666
89 70 4.136749599470467
90 6 0.6767397722803478
90 12 4.302252591838083
90 65 3.2150791984045175
90 24 0.9601190212756315
90 48 4.302814006567991
91 29 3.8224194120973016
91 31 4.709313430017984
91 51 4.596216642931864
91 21 3.527242678193869
91 27 1.8767958150185422
92 18 3.4962226074817253
92 24 1.7839051243408446
92 50 0.9184661608106669
92 99 3.1772142150679215
92 43 4.046772107848213
93 75 1.1833834734785282
93 24 2.6832970559037292
93 83 1.3355673386343478
93 93 3.6993298710510722
93 81 4.6121444552709026
94 49 3.635590096509072
94 64 2.022721299987997
94 12 2.4661258021022823
94 62 1.123607712223705
94 7 4.588775990225236
95 59 3.966738344616448
95 31 0.33130984542429776
95 21 3.042621885917788
95 41 3.2588761082738045
95 43 3.5634841669639337
96 42 2.1087423416729707
96 88 2.836516101931227
96 25 3.762114763271209
96 85 4.216347601211028
96 89 0.8899837799229193
97 92 2.452896674583639
97 48 0.045830180401529065
97 27 2.2776611350250686
97 69 3.3280416683818306
97 75 1.7954321548735266
98 16 4.5416026642795515
98 73 0.3671526824624978
98 26 0.01235190521886895
98 28 2.142162713299336
98 16 0.733001745483927
99 40 2.382161411333429
99 22 2.403245066578685
99 44 4.2197617599674615
99 20 1.4988864581534214
99 64 0.41759025195065647
100 88 4.829306937408188
100 8 2.447647133617353
100 53 0.39968150217088366
100 83 0.5886562379289959
100 89 4.512695083152892
