0 39 1.1316313038289458
0 51 0.9673151244915957
0 71 0.5942716876648592
0 88 3.6519056942065604
0 18 2.9434934104423918
0 93 3.4703654695638737
1 68 3.91514597587305
1 5 1.8723080387160582
1 7 1.7657248485318902
1 19 3.8421287105871116
1 7 4.033279992380522
1 94 0.19775295428243087
2 35 1.9566878234730771
2 5 2.1346249112711075
2 99 1.7247310707938355
2 32 2.3267166343950496
2 54 2.5851963674408363
2 94 3.2547332686095696
3 0 4.534221485850034
3 85 3.6933647953618314
3 55 4.256414259063634
3 5 4.53875562712602
3 49 1.2337022549309213
3 68 1.2385358681869256
4 41 2.836963638384064
4 64 2.8486692690978503
4 10 2.170897165723699
4 82 0.04134176917806109
4 65 2.7547330341163248
4 6 2.6263890017274636
5 65 1.1421521775412908
5 19 0.3888339646480136
5 92 1.87131022528379
5 54 3.4227869360368097
5 50 2.023983159932609
5 68 4.8418223647077605
6 26 4.473992028089453
6 39 4.751908757740482
6 96 2.5057113009523397
6 11 1.7357414461375624
6 75 2.725723371469769
6 53 1.4582540629578753
7 86 0.061290616245800414
7 43 4.672688688830359
7 24 3.0857400534070663
7 86 0.15364679556540686
7 56 4.89081734092605
7 92 1.1005233509888164
8 86 3.6064918839867968
8 1 4.7329316461971205
8 41 1.8627100738273077
8 13 2.6842949607055275
8 34 3.459138572668338
8 15 0.7631977060085089
9 80 3.9633444444815877
9 64 3.466594024691658
9 85 0.6176800517588291
9 84 3.691642452762868
9 38 2.736239122915651
9 51 3.6660775193858934
10 21 4.5481274714685345
10 77 2.5009110731151947
10 96 2.723051958366512
10 55 3.043951146204609
10 46 4.025351016370042
10 62 0.5213638968223183
11 77 0.13578375489912156
11 100 2.96221736686803
11 9 3.6521123048271487
11 14 4.5941802904876
11 21 4.066943319274974
11 18 2.0438690051267683
12 38 2.579198618071788
12 24 1.6554220263463624
12 78 1.0984304009788277
12 79 3.1087619132144395
12 30 2.2912692480397956
12 58 0.3250958367645237
13 39 1.742635502264947
13 90 1.6688477369049552
13 27 4.952372091756814
13 3 2.8246721064617875
13 25 1.3888476026361825
13 63 2.2658135577627734
14 49 2.888165835077274
14 55 2.183215397408177
14 79 0.8043865807968867
14 81 4.925315058909574
14 94 4.017189865150014
14 62 4.987504492929928
15 4 2.0237696618077194
15 53 2.3467810801909836
15 79 0.0243743501801334
15 73 0.2833239250918029
15 95 0.6760128998716284
15 43 1.4662476120856056
16 95 1.5905310623875726
16 96 4.072466743182281
16 6 4.411543268508444
16 57 4.238629927304706
16 48 1.7708087669799775
16 54 1.3629703128413422
17 7 3.5752908743017326
17 40 3.368610061499422
17 19 3.0063639375783557
17 18 1.2381692084031384
17 31 1.2538610165246031
17 83 4.319734008982226
18 30 2.557543942570645
18 67 2.656450767387758
18 11 2.0330766954512565
18 32 3.872168147485504
18 17 0.0739613468529175
18 94 1.619785735722012
19 16 4.08255995255141
19 99 2.452012436803366
19 55 4.345548873918975
19 5 2.932419164895385
19 8 4.3518798171110475
19 14 3.5173516872037665
20 29 4.7451438292382555
20 10 0.4243732264661019
20 37 0.8306010519004566
20 94 4.830841379874547
20 9 2.193278764409994
20 30 3.5446268417101345
21 19 3.863247503023264
21 7 0.513921481001471
21 0 1.1098759189310654
21 50 4.038901985913598
21 11 1.1598859628114546
21 23 1.6036996653925386
22 44 3.121308623680439
22 0 4.21363742517627
22 57 0.48370321171038816
22 95 2.7811778076417792
22 94 3.4059743842014027
22 88 4.889932426224055
23 46 2.0389791498387346
23 53 2.9055307379863775
23 89 0.8287904739619574
23 11 3.09684042618149
23 4 2.7924893452485784
23 55 1.2424757493998746
24 11 0.7473655031224113
24 18 1.7657343581688687
24 17 4.7068948119042116
24 78 2.1208276953039746
24 43 1.1710907594701312
24 72 3.5885901342578865
25 76 4.845209441270791
25 85 4.258377361343383
25 5 4.569374792857923
25 45 0.5702920712595017
25 56 1.4398879799309292
25 68 4.66730376545541
26 22 2.6296109306105673
26 37 1.5605131345653238
26 20 3.50582957939263
26 41 0.6429835006277286
26 99 0.44347031061299574
26 37 2.972616215684835
27 37 1.0171745069822395
27 38 0.3249392584031903
27 56 3.390200739454975
27 22 0.4025471262612073
27 22 0.09368441894385404
27 88 0.916100056690668
28 100 4.418302239983624
28 7 4.741525862712352
28 91 0.19998475790482548
28 81 0.5904140927767257
28 54 3.5751990153157323
28 65 1.7709660814549766
29 35 1.6161426693416707
29 22 4.1678073348600195
29 77 2.970167052793895
29 32 3.9317738966650144
29 9 0.5487194456137224
29 10 3.950517173858495
30 29 0.11420274765579938
30 31 1.4037804198865464
30 54 3.4190135723863406
30 17 4.440682605391761
30 16 3.8630068966340985
30 51 2.063843951090908
31 1 3.025186792393307
31 91 3.8812033313661756
31 36 2.659325197045316
31 83 3.749553781595874
31 29 4.727949199845021
31 68 2.0873088509182174
32 58 1.1136918571724663
32 61 3.1970341585797932
32 94 2.0061040536238366
32 5 2.820157902106158
32 8 3.4157258445356464
32 24 0.347465897794715
33 14 1.038585724921113
33 51 0.9194295272455842
33 28 1.5438408549680127
33 68 2.0906175909038214
33 9 3.1764898433432567
33 54 2.8367065492092047
34 22 4.95370707634743
34 85 1.8134481963637128
34 97 3.505285809558997
34 41 3.0825504331387554
34 25 0.5918097996766244
34 81 0.7024023636054479
35 48 3.5793854106588077
35 7 0.60802757421133
35 37 2.0137295259698256
35 24 3.5319574556824196
35 78 4.232113232689331
35 14 1.2503670527373214
36 92 3.5369878176950538
36 44 1.2502166725727053
36 13 1.3683854924443153
36 60 1.3486699904807198
36 47 4.533237720961756
36 25 4.931655193388087
37 74 4.557170677467176
37 45 4.106532428568832
37 20 2.2973643328560156
37 89 0.5839962804575141
37 78 2.58617963618101
37 13 2.112224273368616
38 45 2.7135614555953427
38 0 0.303880611879754
38 39 0.8310981235019083
38 98 1.5649305535073632
38 29 3.8770908216852873
38 45 3.0871208390948617
39 51 3.771361913654445
39 83 1.5595007011411122
39 74 1.1396522915625813
39 56 3.059579508959867
39 74 2.3575465525681705
39 18 1.5395801685244814
40 85 0.7345520020863321
40 56 4.112069414854677
40 10 0.30832219669712496
40 32 1.2893287380521348
40 11 2.252865391654292
40 64 4.786879406699572
41 91 2.7253757418086004
41 19 2.252675646327131
41 88 4.835368600867133
41 63 2.437613111069835
41 75 3.860795981517569
41 65 0.4578954819454434
42 76 1.0345818075748696
42 23 2.3957798549418787
42 88 3.8549038488313316
42 88 4.257139418511215
42 58 0.39909260112102657
42 80 2.5879942523160366
43 69 3.837861603406537
43 30 4.831455899495954
43 92 4.4117268672136305
43 81 4.880808765691728
43 45 1.2661692627995205
43 77 2.514533107375158
44 29 1.3789993630284065
44 72 0.07801017429761946
44 1 0.07397919768032747
44 38 4.104801078595062
44 56 0.9983833658006284
44 73 3.66864114364011
45 33 2.5037673159404346
45 100 2.1088477134834465
45 61 2.398521012865167
45 41 2.6863800829484465
45 88 3.9660266645207978
45 7 3.983231872566339
46 0 2.9636859775636557
46 31 4.29139032222529
46 71 2.8633245801476424
46 0 4.523535797096738
46 25 3.777237849977985
46 8 1.2426686729628924
47 74 2.3817029395805585
47 51 4.70902519938632
47 56 3.8390400090044223
47 54 2.430627832143763
47 38 4.834188641378522
47 0 4.218094829658931
48 62 1.8330875727131823
48 66 4.269789528953092
48 20 2.7933426813510946
48 54 2.2159238443611016
48 69 2.9331051581382037
48 70 1.5555483110629322
49 94 4.587892063301927
49 72 2.6120818104486276
49 26 4.533845452975513
49 31 0.02207765965944335
49 24 3.427127682945838
49 40 1.3059606017527756
50 36 4.732981481214114
50 44 2.8823281223849193
50 43 0.49699393706704004
50 67 1.8921736838238588
50 26 2.1419294555229773
50 63 2.8395392419760985
51 86 0.06132395518695252
51 43 2.2446097664707065
51 68 1.064494400557502
51 54 1.3577673793017562
51 8 4.022625549579584
51 98 1.001428507764877
52 85 4.6757367434162935
52 57 0.7264940906229377
52 51 2.95437003334183
52 38 2.58595897356402
52 84 1.9038208802373022
52 48 0.5906121361795649
53 13 0.928658591295305
53 10 1.899192369958622
53 26 2.8513290262877673
53 15 3.3408182759385876
53 50 4.604407054083021
53 72 2.6050362704534242
54 6 2.4617682026786545
54 17 2.307513222234194
54 14 2.6955079668857422
54 74 4.821759556337605
54 80 1.7520923009540772
54 4 3.784446096411046
55 90 0.6550103647873212
55 92 3.230285098851455
55 11 0.3441107182844657
55 1 1.6226381082291401
55 67 3.5145831544149346
55 100 2.3598393895461807
56 4 3.8755199529912465
56 81 3.7975096191333697
56 51 4.8360788968449935
56 31 4.511225796580408
56 41 3.104744059946999
56 6 2.439023940599104
57 83 3.872112408920322
57 58 1.9385243212001213
57 56 0.7915276264208096
57 68 4.271787774069804
57 0 1.2972284679856683
57 88 0.13932261749304
58 39 2.9159359516176
58 53 1.6114778623548025
58 92 2.024367523242975
58 18 3.067623514814236
58 51 1.4348495725559955
58 44 1.5028142877263895
59 99 1.849694674797822
59 52 0.4268992133159834
59 72 3.69118104583411
59 79 2.6090137849687074
59 51 1.4069552534226377
59 43 4.7565345564269075
60 9 4.030588629308163
60 34 2.053232844339798
60 22 1.2645845984674113
60 93 4.279344921804449
60 98 3.7843441350667093
60 74 4.149013242275372
61 5 0.15060865394173606
61 3 0.7204877995233339
61 72 0.7876408381738569
61 6 2.424906838550132
61 40 1.4691900141413927
61 19 3.580587577458339
62 80 1.6144639292487315
62 81 0.3129246374960521
62 76 0.6309386779116303
62 58 3.3631563919538308
62 84 4.376597020588491
62 31 4.282368089026052
63 54 2.120011017914334
63 2 3.473963677889699
63 1 0.15585358609006877
63 54 3.491032791183412
63 66 4.251291416851544
63 31 4.477400187561733
64 37 3.655721386217029
64 28 2.1966907631409716
64 92 1.849338568372202
64 8 4.978801674334787
64 24 4.800129642642628
64 83 4.245166791243161
65 97 3.9926415942903493
65 4 0.6893565437515023
65 51 3.0300946278789684
65 4 4.875831139692788
65 47 0.6348363657867262
65 59 2.1201439599750094
66 20 4.295503350196407
66 18 0.47259355159034666
66 66 4.062089030368105
66 23 3.526452118531476
66 96 3.0275169401025495
66 38 0.490582832731679
67 71 3.3728016533928433
67 76 3.997172167749538
67 20 3.126125569587877
67 76 0.9056194574344509
67 83 4.928522888076085
67 33 4.02629764233753
68 30 0.3419036534577061
68 65 1.6445642754840684
68 83 1.3723461348918402
68 8 4.794512343975656
68 31 3.133171005108448
68 74 0.7028982924870035
69 61 3.033170871471456
69 47 4.9101273778287275
69 71 4.158055807638447
69 24 3.2149753766046323
69 83 3.5710472726082965
69 63 1.3885019581898894
70 63 4.489391597187354
70 53 0.20791028159740202
70 42 0.9275743824738314
70 17 4.93310611390227
70 73 1.7442571427865738
70 22 4.131860580918638
71 18 2.3271631799345305
71 82 4.758938070141453
71 94 3.0141419885686096
71 37 3.373878846820731
71 9 1.9142383012019542
71 30 3.976936132143875
72 61 3.941907089610328
72 48 3.920539318321727
72 85 0.7892432448373252
72 9 4.628012986533897
72 77 4.057082937047541
72 94 2.1264053559025085
73 31 0.8319335383302364
73 37 2.5615105519409753
73 92 1.5138193398306534
73 98 0.8714347078062123
73 79 1.979329546763495
73 93 0.8808566497972622
74 31 2.808754507469806
74 89 0.4015050065064513
74 10 3.8867634421418624
74 96 3.9692310903018835
74 19 1.9174376957179242
74 25 0.546507911343244
75 46 1.4916996121610027
75 58 4.809544876005695
75 95 0.9021718048741376
75 3 3.4509007002322933
75 100 3.310163960183513
75 44 2.1098838086694203
76 61 1.5041573979705545
76 7 0.23575999363555453
76 36 4.875813111482218
76 9 3.839451859625623
76 44 0.11115147542582164
76 24 3.924302615350413
77 52 3.6224065661485447
77 66 3.44051879473319
77 12 1.2545808471793272
77 45 3.5149819037642223
77 88 2.6567461412950997
77 58 3.9431631801448894
78 71 2.265031395540955
78 61 4.910209628503136
78 85 2.7653923157298395
78 26 3.305529578125592
78 10 1.1058412619073321
78 1 0.5234826591175934
79 79 2.8177727260966354
79 17 4.654775443272541
79 36 4.8145839989801935
79 95 4.970361227776611
79 72 4.335473266507969
79 62 0.04394636780585494
80 66 3.397452186758566
80 45 3.3499591733104257
80 24 1.1417038227987641
80 19 1.7994424468371877
80 47 2.665334755411437
80 74 0.2502209365700172
81 54 4.592492626433695
81 47 2.3699686729136724
81 24 0.37762008645516176
81 73 2.171199745590201
81 64 1.9284189259700606
81 70 4.419607657633532
82 35 0.5068360550281326
82 16 1.4158531538223809
82 49 3.8296020451659514
82 52 3.589871682338322
82 54 1.1499366044556285
82 12 3.6099148127565597
83 29 3.6785166027614205
83 23 0.9728438777272435
83 27 0.618391090681543
83 20 4.361571097539241
83 10 0.6210967052082492
83 68 2.549574665417441
84 42 2.995844085143737
84 7 2.402497426351556
84 47 1.5382385430600787
84 3 2.569040461219927
84 47 1.3054914772176867
84 79 2.9474539944718523
85 25 3.087260057757647
85 39 0.20272562198019556
85 91 1.3359453888258785
85 63 0.5228262696080764
85 62 4.987030807551141
85 39 3.504721536077231
86 52 2.4385956659834194
86 53 2.00778054691695
86 93 4.532823011919302
86 89 0.8865051484256256
86 30 4.738833589331934
86 41 4.089973621918343
87 80 0.6184550028535777
87 12 2.9595255363750703
87 30 0.2539601263641351
87 8 0.42314240500772626
87 68 2.706210568026469
87 27 4.791119079884273
88 26 1.3389074945644093
88 34 4.807421618860111
88 99 3.4419747939026437
88 97 1.80078997802468
88 49 0.9200840752035119
88 76 2.6248644222915525
89 3 2.510376743321984
89 55 3.650151652297924
89 91 1.2199354091837404
89 95 2.3901860191757
89 60 0.010450126581209267
89 66 4.916611697643903
90 84 0.024512744394607287
90 16 4.545255534040845
90 30 0.8327120901250542
90 90 2.9439027408071845
90 10 0.5366470364602374
90 1 3.1346949540915925
91 86 1.8726613069790865
91 15 1.2922588094132175
91 4 4.632530445750306
91 95 4.531111073156256
91 89 1.2230001046996701
91 24 2.983723006172307
92 65 1.543726937591207
92 95 0.7216486758833904
92 14 0.5620669000385565
92 53 4.835631828181366
92 82 1.1005786294504034
92 20 1.5831536212337651
93 42 1.0438150442766565
93 48 0.5873184968487903
93 69 4.873153856293595
93 42 2.9105373390350704
93 12 2.1483915573773262
93 92 3.560354767190174
94 59 3.871424344839843
94 84 2.3228246724245167
94 38 0.20631470583057965
94 62 2.3695782379134824
94 77 1.8733802692336938
94 73 2.801589533065552
95 47 4.704090819243135
95 32 3.291048203384968
95 70 1.353704197955496
95 86 4.184051754252547
95 44 1.4810453097470253
95 64 2.5767693029758814
96 11 3.706334655939134
96 43 0.6327625831621015
96 22 1.659998289489521
96 64 0.7572238885025613
96 11 3.631756201672033
96 61 1.5249663802551752
97 73 4.402720946014596
97 41 4.85264242710422
97 91 4.5494189710672
97 16 1.474943676634885
97 47 0.22431707923781907
97 43 4.170259798163608
98 87 2.5797013070358075
98 64 1.0115776519089452
98 97 1.080006370720975
98 10 3.011205860479839
98 73 2.1779107617484685
98 36 4.611771663453996
99 34 0.4273747178147414
99 27 2.914777365056916
99 72 1.1436470252158741
99 84 3.7027069075676726
99 10 1.981903476889305
99 66 3.833446626435005
100 13 3.528895901662621
100 79 2.158069070161235
100 74 4.359809711047225
100 34 2.0813053328539675
100 77 2.3890234213799784
100 81 0.9893725076538044
