0 79 2.14214530082848
0 51 3.0887924955833927
0 67 0.7847187667544236
0 47 2.8488223416752274
0 36 0.849045066163829
0 36 1.7280801956855676
0 24 1.2552224054816166
0 81 3.7496819383763293
0 55 0.1968370847471354
0 100 2.0106451659685707
1 7 0.12596707969855173
1 2 3.514013754032603
1 31 4.091412165767316
1 66 2.1948542610707977
1 65 3.588957757380988
1 7 1.4014435472673212
1 9 3.196872452456206
1 92 1.6068619604574146
1 98 2.094909202444074
1 77 3.8311759933133063
2 79 1.857143728117257
2 4 4.51177326480501
2 36 3.4266548597012214
2 46 3.620593323056098
2 69 0.4123896804615428
2 17 3.869743495478441
2 3 0.7161405936978628
2 50 1.0311890604359277
2 6 0.5124685577817173
2 42 0.8814093891970113
3 73 4.379844062451066
3 15 0.930600703784142
3 16 3.370886288374649
3 51 2.9448503600698857
3 18 1.6506174436692322
3 39 1.0546326952335394
3 53 4.4218737539490895
3 49 0.7354392757407703
3 24 4.614435377611732
3 88 0.6485679829664062
4 62 1.8533224698638682
4 38 2.2055408995754986
4 49 1.84501098326312
4 97 2.5056698564140443
4 52 2.9914480499637386
4 89 4.586044183227212
4 41 4.403722645963389
4 49 4.331662322843957
4 25 1.8530491531912399
4 41 1.967071247234371
5 88 2.978875348554505
5 84 4.64468303945062
5 37 3.117701868102041
5 3 1.8268325971953892
5 70 3.7122083580893777
5 99 0.18166031117549197
5 41 3.312422593111309
5 56 4.965730355567258
5 54 3.7277746881989993
5 87 2.4923455605401115
6 99 2.0458423094073765
6 35 3.7259922474456606
6 33 4.422729139258502
6 52 3.373420079213745
6 54 3.2074384628998134
6 51 2.264269532456907
6 47 2.665292796599811
6 78 0.8707426541498303
6 83 0.5225050561024662
6 43 3.702357904226085
7 59 3.0808035367516062
7 77 2.6873022865495755
7 53 4.207787517648362
7 7 4.066748968566752
7 42 3.962578683416939
7 11 4.5166564432170375
7 100 3.4971971949525864
7 77 3.3607015330892707
7 82 4.206782330453578
7 16 3.1990415021908616
8 2 1.413201374009354
8 91 0.9387356366712286
8 80 0.34633040236952584
8 39 2.014200666074641
8 78 0.5810707935161064
8 27 1.2141615574341167
8 62 4.682140018126326
8 10 1.0484911162070303
8 3 1.28558980474473
8 81 0.9609014241208138
9 10 1.4764661490842164
9 5 4.40945340060169
9 65 0.7680580437635872
9 29 3.268253133834446
9 77 1.9448042090556843
9 49 1.3719056347623826
9 92 3.480897228707446
9 97 2.761073730033597
9 21 1.0042492938322862
9 53 3.3430747659877396
10 29 3.266127438635974
10 53 1.324005462296151
10 92 4.256104928227642
10 64 3.9360076373327377
10 82 1.6764958805584411
10 68 0.21683568563716796
10 0 1.7916555584408445
10 14 4.323112012805961
10 42 2.5387308664594337
10 32 3.3433334553476888
11 49 2.1784547196790585
11 100 3.0663122126345823
11 83 2.007437404707299
11 5 4.326541910729295
11 40 4.1780167197387605
11 27 4.3155615858190695
11 70 2.3439495614346764
11 86 2.7403709381714947
11 8 3.8639367971413296
11 38 1.178448572772339
12 14 3.083700825214189
12 16 3.3787182763121413
12 0 1.8776748435006576
12 66 1.582660535107585
12 38 3.000483299524276
12 68 0.4187017868116642
12 97 4.4355125914181475
12 21 3.535749379734404
12 70 0.9622454917145392
12 4 4.96508543263275
13 14 3.8973654849132227
13 37 3.2946841627311056
13 68 4.010280327979215
13 57 2.834870826923847
13 68 0.046784432397823116
13 82 1.2498311649935132
13 24 4.000388156667817
13 77 1.1226667039352338
13 42 2.358804226971904
13 14 3.533506610578258
14 63 4.098650529891002
14 55 2.4141571764383847
14 89 0.954996799114143
14 53 1.5317690645672744
14 46 3.570039013669242
14 23 3.162501123606449
14 70 4.301407642306209
14 96 1.4829785980836543
14 13 3.8497535867163224
14 12 0.05409249467096348
15 0 3.064688724723314
15 9 3.957943439149954
15 30 0.15476825058680385
15 54 0.5927532754073848
15 85 2.100709688417852
15 37 0.16587407241043992
15 81 1.0237289905626354
15 53 1.730219909769677
15 45 2.907353604590621
15 66 3.7221892950954505
16 28 2.2732368267505314
16 95 0.5001147554155315
16 42 0.6558370318037279
16 61 3.885457768929867
16 12 4.471355018789863
16 68 3.978742699114715
16 59 4.884341549413995
16 28 1.166268855662862
16 63 1.1604962281808813
16 83 4.45516354336709
17 56 2.719212512262414
17 26 2.640177114480866
17 13 1.7824448404137323
17 1 0.5817760742979753
17 63 1.1772177546443199
17 91 3.48991266792173
17 84 4.056769533036551
17 57 4.555886631038812
17 10 3.698705144316589
17 76 4.974020843457088
18 69 2.6762117220047585
18 65 1.5070427632038876
18 43 4.288207966296029
18 43 3.2278702577433696
18 81 4.1428316139181875
18 3 2.5821109048800315
18 5 1.9940118436735177
18 14 3.01408352638915
18 0 1.5846796326258672
18 14 0.9890211246742429
19 60 3.3745280506705924
19 97 0.47219722029753997
19 78 3.398332302979303
19 79 1.7646597556098815
19 60 3.831278474907113
19 47 4.935336456929464
19 28 1.6740004738818675
19 32 3.646501110465106
19 92 1.2932056898608257
19 2 0.5763582904235948
20 93 4.156893540332313
20 48 0.033464775945865846
20 94 3.2653595217254585
20 13 4.9042519825009725
20 46 2.188766770122598
20 38 0.31105988433805326
20 83 2.2400481607679086
20 93 4.476209262461842
20 33 0.08984132679798586
20 72 3.7168399949022612
21 48 2.20616866000211
21 67 0.542423043226921
21 51 1.0224581911398363
21 49 3.4634969488836287
21 35 1.313186848440486
21 48 0.7397855613175977
21 65 0.7176946829379706
21 8 4.9290887180635385
21 61 2.927238017625365
21 24 1.8099683847590546
22 30 3.067722759081546
22 91 3.549656275421082
22 54 4.461170308750885
22 26 2.659825149467369
22 79 4.379173128630468
22 24 2.311623112609774
22 47 3.053932016236133
22 36 2.9450886909689324
22 78 0.5249184094488886
22 39 2.1700516267167416
23 96 3.744745696107172
23 66 0.22980435195705123
23 26 0.5866720236285647
23 55 4.105019783513125
23 8 4.063055316885192
23 1 3.6426631727165466
23 44 1.197940447811992
23 86 4.3215646568589134
23 1 1.069078036052155
23 24 0.6232552045272031
24 45 3.939503167463567
24 81 0.41706182413694975
24 74 4.070826367369685
24 91 2.3165811829104994
24 14 0.4952249808692974
24 4 2.982083297006277
24 10 3.701388040786258
24 39 3.412425982027737
24 30 4.306648458251748
24 65 1.653882770950963
25 77 3.6738147396339125
25 11 0.5192020608884858
25 19 1.9218699468766725
25 31 4.82940161663491
25 19 1.1385498821749873
25 84 4.632136392301222
25 100 2.513720931387235
25 88 3.13436089859178
25 49 4.509613408301476
25 83 0.3050528082569849
26 38 0.9834558204786055
26 84 1.1081168381753206
26 14 4.573777888484365
26 40 4.171934789427099
26 19 2.5254636249835776
26 48 1.0020163268886328
26 18 2.1289205370819873
26 69 1.8877262432644926
26 8 1.1266755352197464
26 82 4.352275964858425
27 6 0.13596707073205305
27 51 3.0624863726057128
27 96 0.9885273655879332
27 1 1.0417985836798076
27 16 1.841378260912952
27 44 0.18154592049987395
27 47 0.3793299612254482
27 82 2.6917143009541884
27 50 3.4964299151647724
27 39 0.6046599377376636
28 15 1.5235578858471606
28 50 2.218761657038156
28 16 0.996218795035485
28 43 4.065496379492754
28 45 2.0603944286563136
28 25 1.6744140575781146
28 39 4.030439049235841
28 39 4.811498746120622
28 63 4.552208731431173
28 1 3.6507212944293537
29 20 1.4448566472202495
29 63 1.9148182684677055
29 90 3.450008942146231
29 45 3.189053120515759
29 67 0.8711390776154957
29 33 4.507330997012503
29 93 0.45424986136726236
29 41 0.1278341005592959
29 71 2.7194793960584276
29 10 4.664910530740126
30 61 2.998683247898979
30 8 2.1517413538665946
30 58 4.838123601024451
30 17 4.73405840700831
30 96 3.721315982289965
30 82 2.314143562027281
30 98 3.870154023610882
30 22 3.9952135164121922
30 47 0.8644280977441069
30 77 2.1825326282657556
31 93 4.379334532766869
31 53 0.45466448714901964
31 97 3.443320873341968
31 35 3.362567260648912
31 6 1.9279656898904922
31 21 3.407500015049993
31 69 4.877957788986985
31 62 0.3272461770498989
31 97 2.727123749981695
31 3 3.7157965598241414
32 98 4.47870687115949
32 48 3.411323119236208
32 55 4.224528302930268
32 100 3.9673140527980575
32 2 3.128693356816568
32 26 2.552900633497419
32 25 2.6056972543275476
32 95 1.156161332857844
32 29 1.824333451558225
32 44 2.412990507219447
33 18 0.5015954125285342
33 32 4.6121090507519655
33 53 0.2829485893545093
33 70 0.044338913872431863
33 77 0.6474330581623527
33 68 3.9049006505447816
33 68 3.1901475021842507
33 24 1.087622388179214
33 71 0.28633535791821335
33 48 2.4279037891063187
34 6 0.22334829623293068
34 29 1.1338437428635497
34 45 1.907074151433649
34 27 2.339505350231753
34 22 1.8402069554613874
34 26 2.079992716260078
34 98 0.9903882060901007
34 99 0.10196446846627463
34 54 4.325090929084676
34 43 1.8583760173350603
35 35 2.5029409484936513
35 30 3.155907123687275
35 54 0.18001941093508234
35 67 3.943067475022186
35 46 3.348441043531457
35 57 3.681327408496895
35 85 0.007579004299800467
35 73 2.1305007728359016
35 58 3.521647201284383
35 73 2.2908177920733714
36 49 1.776681637524327
36 91 1.4645885266986134
36 13 1.618361054392594
36 49 0.9252123023277748
36 13 3.0691186238127184
36 83 4.790151745084464
36 26 3.1035038782235542
36 29 3.76203436789493
36 19 3.5164718347161332
36 68 3.4714386697660524
37 33 0.3550394831622364
37 24 3.295324252032697
37 36 3.3625528983292226
37 92 1.0759348397200836
37 22 0.37127133650287636
37 57 0.48096722426533783
37 20 4.519203931452204
37 31 4.290911062617677
37 20 4.252200737367438
37 51 3.408327473774158
38 67 4.726848595333542
38 34 1.327271679664954
38 6 1.9309137228710695
38 33 3.931378649422733
38 31 0.8434131251174256
38 84 1.214383260379907
38 17 1.9781443890289987
38 60 2.507676185707028
38 8 0.20174214653582453
38 83 2.9667035839536986
39 68 2.653926859537273
39 45 4.114557619508693
39 41 4.856629478475335
39 48 3.1652226084978343
39 22 0.5650741097057728
39 87 4.053427086273172
39 56 1.5323399545693126
39 83 2.056055426934274
39 4 1.0843414657326802
39 93 1.7074811066756586
40 7 2.342402336841578
40 28 2.074946473273062
40 48 4.561358645314341
40 92 2.293682350847384
40 23 3.317056042510832
40 67 4.439476404302367
40 3 4.840603197813848
40 47 0.3839751583913948
40 66 2.358000210270735
40 4 2.8133869070940025
41 36 4.470410011978694
41 50 2.9663379371458047
41 88 3.8928578349200103
41 29 4.884194345709097
41 27 3.5533039169832183
41 50 2.6795881333077167
41 14 4.168085717016148
41 80 0.9856992558161635
41 94 3.659358097192103
41 16 3.8434477052879124
42 8 4.26445162153591
42 26 2.0897278197495375
42 27 0.22580758319468033
42 69 0.2578485001457079
42 32 4.079965537137642
42 50 3.226966617318248
42 85 4.708971036739463
42 47 2.208443614122701
42 6 1.5516572272258828
42 62 4.9572933522918445
43 75 2.5435399803185703
43 7 0.13955809566801008
43 98 4.663412200930866
43 19 4.48072632329127
43 6 1.6329924626647776
43 54 3.9056823959069975
43 83 3.6691923732426788
43 91 3.6355176323803224
43 89 1.4437794547448544
43 80 1.7797849377914037
44 91 4.442527794389409
44 11 0.7268255649505114
44 9 4.518718246375114
44 78 1.845082335537792
44 18 2.7042765942722027
44 50 4.445500644682069
44 20 2.683407710801616
44 42 0.13220359923655045
44 12 4.129476239900484
44 5 0.9018582871453271
45 79 2.5219914404900106
45 2 4.674821236696706
45 99 0.6397526219653952
45 58 4.052516836688446
45 95 0.19979386474475877
45 53 3.260511736648503
45 58 1.7651566411438435
45 25 0.08574416283155943
45 67 3.64850160223998
45 95 2.4662743749666896
46 66 2.294680045492713
46 42 2.9732048879159625
46 41 1.6398817965792307
46 15 4.10690463564984
46 65 0.4057663435443551
46 44 4.951399874723607
46 32 2.6996030773103965
46 0 2.903756046299819
46 27 2.6909217450621834
46 43 1.1638300040382745
47 38 2.665533256602102
47 81 3.094966229665985
47 9 3.512882402655939
47 59 3.2845333739791114
47 91 4.951235267958297
47 100 3.0109178297451544
47 24 3.701515288925859
47 11 0.5342159594183916
47 65 4.142254047491448
47 98 2.3900019342979704
48 93 0.16544777314354334
48 37 4.390024054202883
48 30 2.7783096425134994
48 48 2.658645459892188
48 5 4.256091462266362
48 33 3.130660700439515
48 17 1.5862963450210488
48 71 4.629781431302777
48 52 2.0514605967453425
48 51 0.8847506502684095
49 44 1.7036189916365374
49 90 1.687214810792496
49 74 4.575760118971673
49 18 4.392922188957322
49 97 1.6642783261705898
49 95 0.37037952438221733
49 34 0.6249428782498359
49 78 3.915970206203551
49 0 3.7026725910513885
49 26 4.887922938391696
50 47 4.8598991710204
50 2 3.75319389251209
50 20 1.946943695528592
50 56 4.222016747812064
50 61 2.232766205023724
50 19 2.3190699295836783
50 46 0.49085944153773386
50 55 0.6986884498639792
50 54 2.792372641512477
50 17 3.876502005492862
51 54 2.9518042187647784
51 80 4.680663017159506
51 24 1.3154119075136474
51 6 0.5345862015959798
51 75 0.24901765680761098
51 80 3.607430577944406
51 70 4.728109368900457
51 97 0.850694115208883
51 44 4.423297556339982
51 23 4.046789017713787
52 73 0.20187341916127538
52 34 0.016994824242227275
52 7 3.3729689675323358
52 91 1.7455227160422992
52 78 2.8450771700422086
52 83 3.5736628364908705
52 64 0.8200037302899559
52 27 2.688799495512895
52 49 4.8198412685999985
52 25 2.302917103789129
53 47 1.2447730162415416
53 100 0.9113710225171295
53 73 2.2791497107970016
53 82 3.629308889284127
53 88 0.1087314924334622
53 4 3.113797101662863
53 69 4.708288331246792
53 49 2.819645033874928
53 40 0.6241108768230803
53 78 4.067388548041079
54 46 4.687597456833085
54 98 0.8978600982909727
54 51 1.2353665026343876
54 46 1.759457030842685
54 36 2.2600135241162485
54 80 0.33559034992182757
54 10 3.8481930885322053
54 56 0.6927707380388413
54 39 3.0655891604235967
54 72 4.050874231075866
55 28 3.119803396926725
55 58 1.7964290463085657
55 78 0.5192759448814236
55 81 0.3471248349344528
55 17 2.011558914741137
55 57 2.4554125456741542
55 99 0.5961117364678754
55 61 2.062677077203747
55 56 0.22921618736862134
55 0 2.778754660096561
56 25 3.303916712079377
56 98 1.2174818005604113
56 52 0.7350891257069779
56 96 3.068310586792835
56 84 3.675757906440586
56 23 4.163846969545819
56 64 0.1513901867618975
56 23 2.258767812475583
56 28 4.660992907580461
56 81 0.1826604881396214
57 36 4.834495070411488
57 66 4.41906794333452
57 13 3.966374176458067
57 16 2.7564449846880708
57 19 4.9425265236659905
57 0 1.174846881848961
57 89 4.270229227308558
57 64 0.5415695943341474
57 58 3.5291785426414273
57 90 1.5625526187321643
58 29 3.8825846925873346
58 12 3.120399794028056
58 81 0.09999235588890362
58 80 1.5174453609439091
58 14 3.723753680950847
58 25 2.182808856428444
58 33 1.9670522646486082
58 28 0.8529970425888521
58 78 1.7501110875062542
58 62 2.284262799557721
59 14 1.189874256276113
59 23 1.4988137398307249
59 88 0.18771659939779672
59 2 0.6092248631267966
59 3 0.8381089438032924
59 72 4.204787697098502
59 72 1.3419045216675112
59 80 2.8619854413059755
59 51 3.8867225306777367
59 15 4.445397483927472
60 71 4.8721432285177535
60 64 2.2028260169153557
60 68 4.628748309165013
60 100 4.226782807937856
60 90 1.666001389033567
60 88 1.675183677567937
60 95 3.4056771864445707
60 7 1.20602184531573
60 11 4.859078189382008
60 9 4.838547755558276
61 93 0.410269821963916
61 19 4.1073236829603665
61 53 1.805473219604044
61 97 1.0295500739906662
61 27 0.6730726714121279
61 10 4.124426876195381
61 23 3.593044665620233
61 50 1.8975633005199244
61 71 1.4117187741643415
61 4 2.6056158060245798
62 66 4.854922398990007
62 30 2.337313882617141
62 91 1.6955282754731114
62 55 3.793465526083621
62 27 1.9003705401763367
62 67 3.783614891267867
62 4 2.482343694397128
62 38 0.6915594381687044
62 85 4.637808785979685
62 96 4.176887113458562
63 99 2.8157772038057365
63 41 2.834796955750152
63 79 3.9186692568537134
63 28 0.35994020300890095
63 95 0.4815374395842155
63 73 0.9034205832627217
63 72 4.558482784650146
63 3 1.1549642165908844
63 17 0.5549834442777845
63 56 4.802469398120093
64 56 0.6393724126634909
64 60 4.8574451818323165
64 19 4.520492102782384
64 43 0.8013460476669211
64 48 0.726891571266136
64 80 0.9361742598969615
64 14 3.070358931918092
64 22 2.916126259479721
64 25 0.28760145628869666
64 21 0.1033959172157668
65 43 2.9974833345421903
65 1 0.9272074867880886
65 12 2.9007629559440717
65 54 3.8186704944637904
65 2 3.415691417615609
65 43 2.650002853893268
65 88 3.828590859406354
65 98 1.496042608527605
65 82 3.029824873678296
65 30 1.4395818736009018
66 38 4.3564515495546985
66 74 0.7339739400270574
66 78 4.139686119886913
66 85 1.8432852419683752
66 17 1.3592967167886287
66 49 2.569213389997931
66 72 1.914978948253725
66 79 2.2497799747233347
66 42 2.9954656055720146
66 9 4.664947680688153
67 28 1.7972773296417384
67 5 0.48966083465626653
67 3 3.94543646007168
67 79 3.2731371017198794
67 54 4.270850560302928
67 22 1.1139579684521723
67 26 2.3680406391964803
67 86 4.459930729223139
67 10 4.259512833936678
67 56 2.111379613834456
68 50 1.165724645116167
68 97 3.660077245157446
68 19 1.2593846472657593
68 20 3.9249186697412384
68 14 1.749181118384307
68 77 3.331162899702771
68 54 3.8501130418405003
68 79 0.9345661051912968
68 83 3.751303990346272
68 57 2.259542170803579
69 71 2.47662619530882
69 92 0.8175018281229535
69 99 3.9369250282355672
69 81 0.019535023760292185
69 7 2.138538567545872
69 45 1.1726162502662973
69 75 0.5629155951923187
69 8 4.491673348284786
69 92 4.4593703263226026
69 36 4.709387395621485
70 34 3.9609935880086393
70 93 3.3549553475349443
70 60 2.3997246624263853
70 60 2.739801227909373
70 99 4.4289522662765455
70 87 3.07334863636692
70 87 4.866316147189557
70 94 1.2063966761448435
70 100 2.1294186842080416
70 85 1.643610637175993
71 26 0.1803540795237026
71 28 4.376673415751399
71 13 3.6595905426064386
71 28 2.9072934962287564
71 26 0.13661791874879511
71 63 1.2432785432385984
71 13 4.414379027033621
71 91 3.8842281984461198
71 46 2.0573649729362136
71 13 1.7128128384320842
72 82 1.7953295723328038
72 60 2.2030540104499954
72 82 4.945614062682309
72 81 0.1935292594962421
72 97 3.8034689478120707
72 5 4.370271970981956
72 71 3.7316918336742373
72 36 1.404522225052852
72 96 1.1375752528476644
72 50 2.8659350385862576
73 20 2.897471499838972
73 60 4.073063012149859
73 35 2.7122902880353044
73 32 4.159197976531336
73 7 4.151748128531244
73 80 3.1668263999687976
73 68 0.636556174036585
73 32 4.692459189504969
73 91 4.979176380079245
73 61 3.767899346602042
74 65 1.3450924006139993
74 86 2.2373099392344713
74 59 3.605865622590797
74 71 4.399107956669827
74 94 2.010048712798413
74 39 0.9343805955762841
74 18 0.07023486830809392
74 17 4.577423319735879
74 10 0.6822045275251112
74 59 2.3126765285530064
75 84 3.3855459841037234
75 78 1.0830634558351304
75 55 4.944721394711992
75 7 1.4512391685508828
75 54 4.756934961698319
75 82 3.137710557602872
75 62 3.5069077449604515
75 85 4.068487697145659
75 5 3.8227173674686226
75 3 0.9904095754620312
76 46 3.688125433436853
76 24 1.9800552771999538
76 57 2.0726417725310857
76 40 4.445299131214096
76 79 1.6852037137058813
76 56 0.934002605569335
76 66 4.086450653136482
76 86 1.16311892882432
76 26 4.400427088764493
76 27 4.612159203928667
77 72 4.423272021338015
77 91 4.0517967026243396
77 98 3.3450270992183024
77 21 2.943834480898489
77 81 3.4095776417221026
77 45 0.3574154496503281
77 8 0.2281707923524654
77 69 3.0612826671118727
77 5 2.5037430205321036
77 93 0.9302816935621745
78 68 2.1898217972046705
78 2 2.4279343820988406
78 49 2.082295810153854
78 15 4.381349232524654
78 33 1.2647104511023193
78 0 0.8295942327294386
78 10 4.803725756492394
78 82 0.6854431552879294
78 59 1.7188352384796903
78 72 2.9300185037039554
79 18 0.36850091279624353
79 40 0.7943239816524859
79 65 3.6190416520947193
79 82 3.331362153383125
79 65 2.7391273997575296
79 77 0.786620241802811
79 91 2.671339892116767
79 15 1.9118084750083806
79 37 3.250867147775702
79 40 1.0334218245242337
80 94 4.581975083753081
80 49 0.020309564461012803
80 22 0.24552565363379514
80 29 4.860489735090485
80 99 3.6343122158408967
80 36 0.6009985439975916
80 50 3.9546556580547865
80 4 0.5952209328253149
80 21 1.143449424939641
80 29 2.898564190010402
81 21 1.296716141817376
81 92 2.453415691022359
81 60 4.181958075658486
81 99 1.494031165021725
81 100 4.001390668539188
81 76 1.2260694641197756
81 60 4.653434666870296
81 34 1.7760147927251233
81 50 1.626476266781943
81 4 2.847264320064255
82 21 3.1521659884090982
82 73 4.5620565791039995
82 39 0.8934349681228867
82 63 1.4860458349997419
82 93 4.938465532721664
82 61 2.3014232848805682
82 50 1.9783985282424068
82 58 4.407472624122682
82 90 1.963284518227699
82 34 1.1735279547598325
83 13 4.9398656551712
83 86 0.052937794069413575
83 91 1.3895778211983116
83 78 0.962504069210407
83 87 2.3974780415207624
83 37 2.373706785201812
83 58 0.24007217314250895
83 92 4.2281200628302065
83 31 2.9718912067147203
83 47 3.6399395493701228
84 33 1.883573676499394
84 76 1.0634594109860809
84 37 1.231023760852048
84 85 2.9916958850814304
84 56 0.9240722380461209
84 67 1.0022717376252637
84 34 1.9130207115750844
84 67 4.264010472359964
84 0 0.32468471986776937
84 29 3.257179482632632
85 89 4.816668767997422
85 75 2.294639290368468
85 71 3.004081186124965
85 98 3.3012069898883682
85 34 0.5089446880284443
85 8 2.3115662013854377
85 56 3.0409053098165333
85 91 1.554125825944962
85 2 4.494461436283894
85 96 0.9585842945466895
86 58 3.7907667257865505
86 64 0.6873062708728486
86 4 1.2024256343007527
86 89 0.051474248195293504
86 60 2.0238170715509876
86 60 3.5723440875727124
86 18 4.4741865637100355
86 19 1.6616966397645245
86 67 4.054133796731198
86 58 2.319441341527649
87 48 0.3443563613062454
87 29 4.093578535359426
87 38 4.86998984458983
87 68 1.6422758430814222
87 87 0.7317337095448666
87 58 1.0618611804871234
87 45 3.9468832392201514
87 59 2.0684756011744647
87 38 3.641668752141677
87 66 0.9162534940728005
88 55 0.9566768797945914
88 39 2.7030895750117776
88 38 2.6138639292106727
88 65 1.8637773478035553
88 72 1.9282117940479944
88 96 0.8579882195493368
88 51 1.192005353372016
88 0 3.4055517487418125
88 28 0.8342662583112455
88 93 4.85995672272223
89 68 2.3482554471306125
89 2 4.350458729381582
89 50 1.3780984015800475
89 31 0.1742737919193965
89 95 0.42235712125956765
89 11 3.8133684866360684
89 57 2.9211380840648937
89 10 2.7908236594797717
89 31 3.520221750038882
89 17 2.183901899117695
90 100 2.6678848345671424
90 76 1.608478578319292
90 16 3.850220470638205
90 19 2.465023189373719
90 10 1.6740577165685984
90 0 3.6034418277015328
90 79 0.011566360647204125
90 29 2.6301049862875616
90 74 4.063251102828663
90 47 3.5346098459567408
91 52 3.199977101822144
91 61 0.8426355573605078
91 89 2.8865096180460252
91 92 2.1084231277883223
91 98 3.7023909227581573
91 86 1.9791347363133414
91 8 1.8326665461989649
91 56 1.2544276237116532
91 30 0.4737450290315678
91 53 4.730099320588446
92 68 3.473984158963713
92 4 0.3865472955565364
92 70 0.2705878474185852
92 18 1.8560755354064595
92 54 2.959397902987879
92 24 0.015249162706805297
92 19 3.857672683531301
92 59 1.6182002116478609
92 85 4.594821536764385
92 52 4.183437986905693
93 76 3.3109683870063056
93 28 2.496457865916144
93 61 4.566431519454858
93 78 0.7862692277094782
93 72 2.7577354703957386
93 78 0.251718807767053
93 80 3.5041693084650887
93 96 1.5546723325829985
93 100 2.8763489150163166
93 39 3.5444236671848306
94 29 3.125530993473373
94 41 2.3946893026016935
94 45 3.05334501139372
94 61 2.070455840528349
94 24 4.567906354206958
94 5 0.316450598219517
94 0 2.552970162095317
94 2 4.145940756631016
94 3 4.735887063223688
94 7 1.7722154238265142
95 9 2.5095372061359633
95 36 2.004154740049824
95 21 3.845900527428417
95 14 1.346475151848054
95 57 2.3590405661618483
95 14 3.3331025207390685
95 3 1.8790693755121788
95 83 4.556835275634717
95 96 3.5789400852276705
95 70 1.8110484135822316
96 81 1.8405124896850638
96 29 1.9777768171487582
96 96 3.533568129107025
96 55 0.3741797016036489
96 58 1.0195008696271934
96 43 0.22914075970382852
96 26 4.110250541226321
96 39 2.4682721008531066
96 77 3.690444092816908
96 11 2.433142009592589
97 53 4.216369621535369
97 28 0.6106056086955275
97 61 4.666737131266061
97 48 1.1227912994566012
97 94 0.21268611814206664
97 85 3.2597311678372427
97 0 3.2617335823024103
97 63 1.6301395385014135
97 84 3.370483148690945
97 74 3.299274932971572
98 99 2.1389832670525037
98 83 0.8103648833883076
98 66 3.688621522502062
98 56 3.678648686857401
98 76 3.417163738421721
98 89 3.555523213482784
98 52 1.8797183138367817
98 95 1.029164627430836
98 99 1.7338656222640243
98 19 3.3895408606106145
99 28 2.851045684832194
99 36 0.014930422247440666
99 96 3.448437917250254
99 4 1.4603812297153604
99 40 1.685647289472285
99 62 0.01624430067632422
99 66 3.245533480270224
99 5 4.0573388751116575
99 7 4.8175118990597685
99 5 4.0380785620294715
100 34 4.557656599349062
100 61 4.076500292973643
100 20 4.942539571480135
100 32 1.761101691977216
100 34 4.167016315468762
100 54 1.4630165632532817
100 58 4.5795947557913035
100 1 1.188102533884995
100 20 3.2699687991608988
100 23 0.7501112462474719
