0 64 0.10811313331992715
0 71 3.6017775245470043
0 31 2.0160938344644643
0 1 4.956360005829846
0 29 3.088352237699786
0 57 1.9917299073926744
0 44 2.053310613971505
0 67 1.0706171645252507
1 70 1.0507484255196515
1 14 3.287853776481755
1 23 0.7412411845585932
1 93 1.7690186112228914
1 2 4.551261411027823
1 75 0.05175094798403721
1 87 2.277842013635958
1 48 3.6797267822079807
2 83 4.525333711903785
2 29 4.360423347059576
2 32 4.85425798465095
2 62 4.268985326815931
2 38 3.329018376992966
2 50 0.1784887393619167
2 64 2.6024315125084403
2 66 2.49767635180859
3 61 3.4594287932315977
3 10 3.586354545004679
3 49 2.039817222158441
3 13 2.418814564019652
3 15 2.9731856075164336
3 65 4.681850236013452
3 17 3.329914311787467
3 41 1.0292277645380445
4 67 2.811732043183011
4 25 4.147865208051289
4 29 3.639844446419424
4 7 3.3031593250475617
4 24 3.12537300412826
4 15 4.35520009492559
4 73 3.6374592564193624
4 77 0.535907712294975
5 88 4.897925861376002
5 21 4.528309317944969
5 28 3.76541861281241
5 74 4.437264557600629
5 42 4.045342954997054
5 30 1.3779228730968902
5 100 1.5573038131082835
5 49 4.977747114468176
6 9 2.2580322926622443
6 89 0.8559842394440429
6 40 0.12703841818976327
6 89 1.642059723600443
6 36 3.036017197761667
6 49 2.669266219073526
6 3 4.166307400574457
6 33 4.2596915735967364
7 97 1.7801895428203602
7 86 4.380639899307351
7 89 3.3652132248414257
7 72 4.598468806988159
7 84 2.894083624046974
7 66 1.5325457949176062
7 48 2.584160892899137
7 4 1.7306623318285554
8 100 4.581639883042757
8 20 3.0694367399660294
8 17 4.280844840152284
8 42 3.41324622659819
8 81 0.027127472693290515
8 84 3.7959325038093286
8 11 3.890468383722077
8 82 2.0329735807487093
9 20 2.2826513145006735
9 49 1.355253712070115
9 8 2.3120445396861244
9 92 1.0763201738699173
9 25 2.3648976867015437
9 8 0.7349421087791228
9 1 0.5275122652713224
9 33 3.2395980466823118
10 10 2.2587381570745646
10 79 0.4033688528921161
10 31 1.5805261587432595
10 67 3.410375628957165
10 51 1.6253285045126327
10 78 1.8562006973711422
10 45 0.06535011664872822
10 51 1.3878617291175863
11 62 1.7060223728109092
11 22 0.3878541401768342
11 7 3.5330960696124265
11 14 2.779033640903604
11 10 3.38218747024205
11 33 3.023918601069525
11 44 0.0399724325542163
11 58 4.163696146033066
12 92 3.725054924207243
12 90 1.598617235914932
12 15 1.6542502788493099
12 6 3.869038858817916
12 86 4.886399222684821
12 94 3.9051444116590694
12 94 2.820519176005169
12 7 3.7888750971576775
13 78 1.394767004690182
13 76 3.1693596039480987
13 74 1.7472958627143418
13 66 3.359608592018128
13 4 2.5645753736337524
13 35 0.0819395233326273
13 95 3.629209092831333
13 38 2.2387196687808557
14 13 3.062147765932711
14 20 2.5377561102278228
14 90 1.7119374406188197
14 57 2.9730662298884947
14 2 2.780139075420979
14 35 4.232480527881682
14 87 1.7764378727110615
14 42 1.86645700534317
15 66 0.32868765073147144
15 87 2.719119685643
15 95 2.061662183991099
15 92 0.27547199006587597
15 38 0.9769797177828069
15 86 2.25342282573397
15 1 1.4110869106825215
15 87 3.404149728705766
16 76 4.745604429472153
16 3 2.20467973934141
16 47 3.4294888681763247
16 14 3.314702946783438
16 73 0.8302707764315815
16 88 1.8373429709391071
16 87 3.794120099063305
16 4 2.0066910449662467
17 33 3.079132324489686
17 45 4.438894308430978
17 53 0.896418032990866
17 98 3.09751341011215
17 46 4.493679108399326
17 58 2.978383788034438
17 98 1.8393195667548816
17 19 3.5252648608919475
18 66 2.4703713508614773
18 6 4.177893720384926
18 22 3.253638750156528
18 87 4.843585873785689
18 3 4.869136540244994
18 88 0.9767204538648053
18 77 1.8889686268748829
18 45 2.8311018598728133
19 43 1.9392937338465912
19 80 2.808186233743091
19 54 4.345335193290032
19 27 2.9859313387951203
19 66 3.139027447877975
19 50 1.5359460053551157
19 19 4.94440745884513
19 63 2.6224342651298853
20 89 1.5108461043441268
20 13 3.2108856113455544
20 15 2.337881875589669
20 31 4.858539901809801
20 14 4.50160812685254
20 84 3.4589099581035705
20 14 1.0270753929338203
20 84 4.040100087592721
21 100 0.5645805927554958
21 82 0.21741255173410434
21 60 0.8711729236512407
21 94 1.5662546643922226
21 9 2.8129636756327576
21 31 3.0664820363258505
21 59 0.4243462300422927
21 48 1.1928116249458474
22 15 3.8400098926381148
22 20 2.0133531863624228
22 63 1.197310970546022
22 24 2.139154154935813
22 97 2.676429874288052
22 25 1.8034855087636257
22 99 0.3242110723852759
22 84 1.2992013782408465
23 54 1.033101160802064
23 67 1.4768016567523852
23 18 2.4954033431398206
23 60 2.557827592741922
23 37 0.24240347710713034
23 50 1.1514721957629277
23 42 2.4311348360482103
23 36 1.083329066998301
24 93 1.136958847625668
24 27 2.5251943859601997
24 59 4.795632895410858
24 58 1.387969599398198
24 70 3.35757518503301
24 19 1.7913801917659715
24 9 1.232532142934842
24 56 1.4036580920048394
25 3 2.9829150653709275
25 96 0.25616072520361804
25 97 1.7175074634544543
25 46 0.27304945210444664
25 23 2.0571226474629576
25 68 0.19451560619653133
25 30 4.252629556976893
25 55 1.1611323606098645
26 93 4.15729038386926
26 12 2.029586208105073
26 9 0.812950731166764
26 48 2.1315177198911495
26 54 1.8346673102259605
26 4 2.7705745727587066
26 85 0.6646372660037968
26 74 3.1017995282330606
27 32 4.326373941488019
27 33 0.01760622408524235
27 53 3.8596741326827013
27 74 3.439682804228098
27 19 2.985716313849129
27 45 2.8365507034559965
27 55 3.408440805520781
27 56 2.129407906612905
28 9 0.4208808546277
28 10 3.490813903872761
28 25 4.500145773149133
28 93 0.8220008251384645
28 65 4.610280951180226
28 32 2.340762413872825
28 13 3.4290003567612106
28 3 1.100354491343773
29 100 1.709758813480744
29 12 0.7737841900417356
29 59 0.04370844268701555
29 79 0.2957426041160201
29 14 2.2191161003996562
29 23 1.2652021297061353
29 82 0.6973887693768422
29 32 0.838420577313395
30 8 3.116583335753403
30 9 4.612456380692975
30 39 0.4491458068912225
30 17 0.3196059622080655
30 75 4.969286197113259
30 26 0.34282458614471195
30 21 1.7134499078461525
30 14 1.554184991264884
31 64 0.6220281092009351
31 75 3.3934521910301156
31 62 3.5816559577262836
31 63 2.4771009675286746
31 67 4.205394689182545
31 3 4.6407194795942495
31 47 1.6670294198962765
31 0 2.7278686317849394
32 40 1.2284374171641386
32 38 4.164012571228498
32 84 1.8152804065152661
32 65 4.581851729090714
32 89 2.5947153269345473
32 16 0.5239790401453629
32 68 3.7700472916391288
32 61 2.4872250891354453
33 25 0.7644986106868898
33 24 3.697799836555913
33 42 1.5340941248511153
33 38 2.2303553417987274
33 6 4.77271716608176
33 5 2.541434646374059
33 68 2.4319784901342967
33 5 1.6586133998166297
34 13 2.2270914234524435
34 86 3.9286786605384156
34 17 1.417484828274939
34 67 1.1616565826944303
34 6 1.91110991167616
34 53 0.03642167907481246
34 75 4.190430824311586
34 55 1.003565980175245
35 66 3.5054125883699503
35 84 0.9650693998377099
35 88 0.8395094999821326
35 68 1.4852199947950422
35 35 3.772611044671693
35 68 2.7045668505633147
35 78 1.364938946007893
35 30 1.6432093144094924
36 95 2.3141181552324874
36 66 1.917454633257186
36 1 4.744770084810342
36 15 2.702698826768291
36 63 0.9231857638155571
36 20 1.6123396804351118
36 89 4.02704962442101
36 49 1.877115071780143
37 34 4.5821345626276795
37 53 4.910613011239785
37 17 1.94692736686246
37 90 4.277202538576538
37 59 1.406231495143963
37 67 2.1755052704302504
37 45 4.581928878394963
37 76 0.9636125721350772
38 23 4.789142834649657
38 70 3.391549359800314
38 15 2.9652278524779896
38 72 0.1820260815132032
38 82 2.809256954954441
38 18 1.8083145857672094
38 52 3.8728742577588466
38 78 3.7555415810674075
39 96 3.0421276442540934
39 82 1.8077835749821318
39 69 2.4423045459792956
39 55 2.313735013365988
39 81 0.474314699661011
39 48 3.092152435604506
39 80 0.42830312240111745
39 65 0.7001439117869602
40 3 4.721590808454549
40 82 3.47856785448027
40 3 0.8171207455009893
40 10 4.131224171022484
40 41 3.7274832442619563
40 58 3.311515225546174
40 6 4.218583603146231
40 32 1.3828125518604153
41 40 1.0812318967748926
41 65 3.994462274777803
41 75 1.322824094001216
41 99 1.1273983056782093
41 36 1.9580808147695075
41 66 2.534002218907305
41 48 1.5018078977584506
41 23 3.7600809479982935
42 99 1.445056098292642
42 88 1.7377775720552486
42 17 3.4585316635158603
42 23 1.530814906133719
42 92 0.049077225936950034
42 14 1.512889074322831
42 67 2.863458373989646
42 93 4.092333276999024
43 27 4.605593305833827
43 100 4.546405182248382
43 91 4.8112240552577195
43 99 1.7854742786828208
43 0 0.14149334751061657
43 9 2.2034255516215837
43 99 4.044037805022277
43 90 0.04587076431264161
44 87 1.3598177329177807
44 6 4.841638559814223
44 22 2.631818907945303
44 15 0.188708175931136
44 57 2.4351683207925987
44 66 0.9082501184216962
44 79 3.3567669161936777
44 70 1.4484621308410905
45 97 4.557930807601072
45 90 0.15788051385484797
45 97 4.108009349993436
45 72 3.244295098761932
45 95 4.472631323776057
45 86 2.0736373696738095
45 87 0.050906813791891686
45 71 0.8465435128021322
46 58 4.8759484078730715
46 91 3.519087975579188
46 48 4.420125413691386
46 70 3.8147536778128455
46 88 0.327419879245481
46 83 4.487244849468672
46 61 0.3652551803937854
46 52 0.8595156031165693
47 73 1.0848024570859451
47 28 0.38439998755008703
47 97 3.4996731660632245
47 51 3.408686359094735
47 15 1.9135412587587146
47 68 1.1872770184337516
47 29 0.9167864681399619
47 10 2.0596830362996177
48 90 1.0607979805270795
48 75 0.02307115156355749
48 66 4.759247106095668
48 0 0.486942552122462
48 59 4.0190459071529725
48 36 2.361797324994839
48 1 4.313170408170781
48 4 2.9981930317816756
49 61 0.7937426231301209
49 98 1.8977596769543117
49 74 1.5740151431277647
49 11 2.450901590094577
49 52 2.6393024494462107
49 31 3.0538831858160287
49 13 0.09450139738193197
49 49 4.958269782978961
50 26 3.49983310071676
50 9 2.195237034300505
50 66 2.8933527258683776
50 73 1.581242457753946
50 77 4.84452984525981
50 88 3.2811536426961596
50 16 4.46390059456996
50 79 4.111971086901545
51 87 2.0364711073832473
51 23 1.9244515494584635
51 85 2.9167834886985697
51 50 3.4775123163833417
51 92 4.97597181140141
51 87 0.9659033357074344
51 27 3.5163043532017495
51 59 0.8403603560597951
52 94 0.10177640125364865
52 96 3.828443543801361
52 7 3.4248565332946623
52 0 4.601021984677297
52 61 4.746682459598214
52 62 2.6771185012469805
52 18 3.796307111969758
52 27 3.870978346882538
53 28 1.3034824983189006
53 37 0.3899444980733951
53 31 1.4934124143885639
53 91 1.0983135366165298
53 80 0.7861689083625306
53 47 1.36192396417005
53 13 2.615753362957767
53 43 3.298163522350821
54 25 1.9836176316351821
54 42 2.494728986011074
54 52 2.7994458280928547
54 7 1.109742837315444
54 44 3.4675041219689415
54 59 4.507040582828023
54 26 0.8186142047303834
54 22 2.4565194637275343
55 25 0.511920794693141
55 36 1.6878959593002838
55 64 4.69625656510064
55 16 1.615799470864366
55 25 0.468593629279843
55 66 2.4551636785391264
55 27 0.8439557250424331
55 12 1.867333081454501
56 54 4.653635628221234
56 67 4.076234785989964
56 95 4.4822908449469
56 22 3.397374050059273
56 60 2.701005033171949
56 84 0.9981305188606286
56 64 1.7756415125506049
56 33 1.7397723495273034
57 6 3.659088752881085
57 83 2.9103738533699524
57 10 2.0372250981058437
57 22 1.3252613289492692
57 58 0.09716477523466752
57 91 4.861606792660179
57 41 1.6738516689819851
57 57 2.1284323294760172
58 27 3.4381217809463487
58 76 1.1291209270240208
58 23 4.7526468975538565
58 93 4.83261005674066
58 37 0.25932598516162075
58 6 1.3569880121028421
58 18 0.014973260085777823
58 81 0.8265948727393957
59 2 3.2292823818001586
59 43 1.4321723438456058
59 76 4.821586376155375
59 31 0.6589727151726568
59 84 2.011300984459073
59 42 0.9796688160995153
59 43 3.1596792223091086
59 86 4.953833301029889
60 0 4.623309622979491
60 20 2.2635881251732544
60 92 4.327677747172832
60 74 3.7766099006123954
60 14 3.525671486230027
60 90 0.6240909651589167
60 99 4.4531947409356984
60 5 2.26125210678819
61 20 2.2807988165738275
61 88 1.3127309605255457
61 14 0.7839095445295471
61 64 4.052810923343766
61 35 0.9109636773374696
61 16 4.2473960064931
61 47 0.19330719581110295
61 39 3.40863315838814
62 32 3.932431182189275
62 64 0.5940020197277122
62 52 0.2503591000964501
62 55 0.7702973011244579
62 86 1.3372689286733288
62 35 3.8729287326229027
62 1 2.9536521342346544
62 4 0.11350227604316082
63 100 3.80115859277981
63 0 2.3701134246042312
63 94 3.7705794226839786
63 95 3.7462317224014043
63 30 1.1517914338837218
63 71 3.6868242819891797
63 92 1.9523782485908001
63 96 2.046518925732639
64 85 1.2776795256437194
64 23 0.7224633477606432
64 63 0.08156224940903348
64 14 4.014473838172596
64 55 1.3972171666934345
64 28 0.9520251824796603
64 99 1.1758363260273872
64 25 4.04943151334015
65 39 2.9176981050051225
65 77 0.47623091786634336
65 65 0.13160182184643857
65 88 2.2811839062843395
65 22 3.534892358244489
65 65 3.9971881799787967
65 65 4.292705131849229
65 37 4.186174670840885
66 7 4.216094502449291
66 38 1.3992860900519581
66 77 3.4809732523823382
66 32 4.842170993667711
66 23 2.4277249687998723
66 14 3.151070007402931
66 13 1.7279602284765205
66 60 1.5111716730412523
67 84 0.3222440963668138
67 94 1.6976449454254918
67 59 4.665588731163698
67 60 4.393011070222418
67 26 3.9758097398655226
67 19 0.9362134280949804
67 68 4.225827413148817
67 13 3.1125177697401742
68 88 0.5017118550742649
68 12 1.9642645086047787
68 9 4.055735039546829
68 20 4.598417711292088
68 8 3.7339893871459453
68 65 4.029451522395897
68 69 3.485708286833665
68 3 3.5095377777051833
69 40 1.0472615276995594
69 25 2.8858113660263616
69 77 0.5546311362517203
69 98 1.174205930819919
69 71 4.959290591473465
69 21 0.6526344000943433
69 2 3.826100570925269
69 5 4.238486981266658
70 11 1.7397091256815942
70 27 0.3014723688031227
70 42 2.314396844069602
70 62 2.5732323097088914
70 66 4.889036877912986
70 39 0.6453084844026215
70 87 3.2981584346674153
70 36 3.259820019270049
71 58 2.046400580273463
71 11 1.2959480289301568
71 69 0.5046793869563243
71 8 3.1911757590202554
71 90 4.654150246222681
71 6 1.868172872902561
71 21 2.162177821365711
71 73 1.6577420603381299
72 44 3.697280844901736
72 99 2.4648316928665173
72 58 0.4635543305293275
72 57 3.0349465808981932
72 71 2.9508205291968688
72 47 0.223416219842052
72 77 2.4954704753524224
72 33 3.089090787485366
73 88 4.836125731560206
73 35 0.010137382382476594
73 85 3.5318696100701996
73 30 4.506196205582355
73 35 1.278676035825174
73 29 3.266436230093212
73 42 1.0067743741230044
73 86 0.4903190358300028
74 80 1.4807367495165205
74 21 1.0343496918775887
74 14 0.7566992814713065
74 9 2.060418742694131
74 71 1.3864057039996507
74 70 2.660694290602194
74 65 2.314352653123686
74 4 0.06650005865648634
75 16 0.33021940334556954
75 6 3.4767469666024375
75 92 2.0834039567649887
75 51 1.3518668880074658
75 6 4.865132211317893
75 64 4.672701654237804
75 70 1.481906351268647
75 3 3.014992744363326
76 42 2.8131099602648626
76 28 2.8775413695801175
76 63 2.867788877888604
76 0 3.6473749121875714
76 54 1.7831727383201754
76 46 0.7432219467292787
76 60 0.9899749621951576
76 43 1.5400649216706672
77 23 2.312161695451701
77 8 4.575393036007618
77 8 3.1976006287324985
77 86 1.8242307353222922
77 73 0.9953384493987592
77 77 2.3444466759279377
77 82 3.309350566567446
77 25 2.8863249717199064
78 22 0.2916134904769506
78 30 1.910253762045791
78 72 3.8085643201535704
78 98 4.386785457667064
78 88 2.801481589298836
78 28 1.3252667550187758
78 60 1.84830407574665
78 24 4.3108716341460855
79 51 4.2950388000559725
79 83 3.691246793351921
79 89 1.6908322418059327
79 0 4.246341531265347
79 95 1.9825252082839036
79 39 4.548533041132489
79 66 1.1653213081530351
79 72 1.6218473436513958
80 87 3.182150100733624
80 22 1.811262801959891
80 91 4.236661523479468
80 34 2.326087668857662
80 59 1.2591246338497333
80 54 0.7248513803607729
80 65 2.173536416070818
80 21 0.8135879586698784
81 52 3.5823855528501847
81 34 3.010317189742509
81 72 3.7138631613139417
81 33 3.4605545055739206
81 5 3.0587698940693864
81 92 0.1453756296001612
81 25 3.9446509912773564
81 57 1.9675658396352995
82 91 0.6322154033241825
82 41 0.9285606976485465
82 79 2.5620740699243414
82 5 0.4272496047888699
82 23 2.927131794147266
82 53 0.097478252039215
82 20 3.769716573475941
82 61 4.881170870253924
83 32 3.8024980271634385
83 52 4.82411212679477
83 30 4.536246302295762
83 26 1.3515268975007826
83 99 0.18550996900781688
83 40 0.7972436199607597
83 55 4.092051543967215
83 60 1.4349241048955808
84 78 1.214651677298924
84 19 3.529167264850217
84 24 1.9340300701671538
84 75 2.6827630229415727
84 73 1.621837418791247
84 78 0.3415868348917297
84 42 3.1599861352429763
84 57 3.0395953194335075
85 7 3.4114872196389596
85 27 3.9307301225289257
85 51 2.181740916331234
85 13 2.5862307846513226
85 30 4.513554894478588
85 28 4.838527721293377
85 24 4.464364144543467
85 100 2.8674471393666265
86 77 3.525979962870466
86 44 4.145099091378655
86 0 3.685632636511559
86 89 0.29460880747665547
86 60 1.0554320931277172
86 31 3.297618452366825
86 4 4.98709394390938
86 44 4.864403364051012
87 47 1.7861535432055504
87 100 3.7830752360639246
87 43 0.606583050948716
87 19 1.6009906461778451
87 79 4.932729828596676
87 51 4.241945352755552
87 78 4.625798367538277
87 73 0.5857203508439228
88 36 3.6279290993665927
88 87 0.27549641592883406
88 83 0.12020645204133147
88 55 0.9935630061341475
88 95 4.499026230591785
88 7 4.91792510551249
88 11 1.0257718483108496
88 15 4.734079789833011
89 81 1.7393045680298926
89 77 2.347716389486386
89 26 4.496452497621813
89 45 0.86997566653616
89 3 0.12589725753316086
89 33 4.761264494238033
89 88 0.16535244070868968
89 57 1.0473077805792539
90 46 3.9728392010964804
90 31 4.53652913092841
90 62 2.811102676307884
90 95 2.3916548269526436
90 52 0.7858684561968498
90 36 2.3600611471449997
90 36 2.695857043877288
90 11 4.1136745642023715
91 58 3.0715520863347714
91 58 2.5519202316347847
91 81 3.8399730566926036
91 3 4.128890010532999
91 23 4.532439951813212
91 17 4.75708435908029
91 94 2.0893763196538044
91 21 0.309116107168545
92 30 2.9708031210077213
92 45 4.2041646464136
92 14 1.96304389293137
92 37 0.7066049598381645
92 60 3.0015862038101617
92 76 2.3795813629752143
92 90 2.6313291841493456
92 85 2.649251127354509
93 27 1.3433277748434354
93 58 3.9837589847399744
93 22 2.27283533630611
93 65 3.818478787284523
93 65 1.7751684001280335
93 89 1.7786543611638332
93 68 0.40262306794660746
93 25 3.5405328037911725
94 88 4.970068630332442
94 56 4.350163889686845
94 25 4.657475279637705
94 68 1.1464337245639868
94 8 1.2606004529299546
94 29 0.9158949310406738
94 67 0.7278252823578072
94 56 3.596112349430321
95 65 4.668389279762563
95 69 2.2886755747995795
95 66 1.2614855567006324
95 97 0.23651692333732577
95 29 4.1920432911583125
95 53 0.6756894703145526
95 53 2.0910990858019334
95 11 0.4054550263046574
96 73 2.1758448604549367
96 30 3.877053661344714
96 48 1.1193966818334655
96 11 2.8319272497197012
96 100 1.4215607557565983
96 70 0.4723079656533097
96 62 4.453646235190024
96 57 4.86864507024292
97 40 0.4996781225595721
97 83 2.7734430406924155
97 24 2.7991755377921077
97 82 0.10116939377088004
97 56 0.870946598017512
97 45 3.251138954984022
97 21 1.3705925353480317
97 20 3.844992936974154
98 18 1.9990680517854045
98 26 2.377446636708679
98 37 2.393398215210761
98 13 1.5725423192696735
98 16 1.041171328237729
98 62 0.2218647358768956
98 25 1.360065297998801
98 31 2.2738434720124245
99 71 0.7145861867204719
99 65 2.3426045947485115
99 41 3.3771713314543477
99 36 2.604624271517715
99 79 2.922354558594842
99 94 3.872805712312036
99 8 1.5985139674745965
99 7 0.8268919651302697
100 59 0.0016641100763032492
100 43 0.3198185327973909
100 90 1.643403225056728
100 7 4.287159900088335
100 7 1.002425633434721
100 81 3.062991222354719
100 83 1.4753450593565829
100 28 0.42960282642521297
