0 7 0.23771720042815855
0 27 4.727716824493915
1 52 0.6830074097815766
1 37 3.4540498850305466
2 52 3.4457016962996647
2 22 3.3786735401151873
3 50 1.821130516020838
3 91 4.9467781154083
4 43 3.801513611880886
4 3 1.0763595712446494
5 71 3.6743893032896233
5 37 1.4974589392032212
6 28 3.016546191775156
6 76 1.396142904407474
7 15 4.660118563177329
7 87 3.7612694621333356
8 91 2.0579407099156044
8 73 2.2492984137806205
9 21 3.004641555712208
9 0 2.5873922906389866
10 94 2.235878783167413
10 22 3.1571994441378624
11 49 4.6349568478203595
11 74 0.12373168465838282
12 32 3.9615070802375705
12 99 0.828773713448636
13 89 3.974279230721746
13 16 1.0348261598991768
14 82 2.0042552734963572
14 66 4.7097876586493514
15 14 3.7700466856604957
15 78 4.6373884542486055
16 47 3.1129286032996113
16 31 3.5215591574916987
17 69 3.012309676669846
17 62 3.5730849397410536
18 49 2.558645904884925
18 8 3.1266907821256407
19 44 4.840185272793894
19 48 4.5367546568862975
20 19 1.8562504473216286
20 77 2.172402547622698
21 22 1.2981443847060667
21 15 2.9027205989111824
22 93 4.260425185862361
22 39 1.8572111058034775
23 67 2.6826070696355835
23 3 3.2440804235571914
24 72 0.23838326318879072
24 64 1.2975206206594752
25 49 3.3885072677603465
25 9 4.06205427619071
26 52 0.8941495007638176
26 98 2.457528537438766
27 44 0.46640176412466483
27 76 0.045952929875609644
28 23 0.7483534076004063
28 26 0.9632878506466923
29 54 2.9383908109641665
29 71 0.419556074018406
30 3 3.0847372145020566
30 8 0.6608774446357457
31 10 3.6005030517715593
31 69 0.3245044138111432
32 59 0.6998627232123482
32 0 0.8307685474456751
33 67 4.366994440784217
33 100 2.5965268671727615
34 44 1.922449953452824
34 12 4.847634741358314
35 33 0.8276467383776956
35 65 2.7420446375415146
36 16 2.7248784285211336
36 25 1.918985957787363
37 64 2.086049457788168
37 7 2.492312883099664
38 74 2.1248939892844607
38 87 4.2278197705129745
39 25 0.28912503511413196
39 38 4.766731723742447
40 48 0.09269430414190881
40 86 1.9437510138528287
41 79 1.5946655542568573
41 68 4.890160102928568
42 50 1.528919966295002
42 96 1.5248881879239875
43 12 3.97454000824091
43 80 0.5162698806346036
44 88 4.069622429956316
44 89 3.331080893009552
45 9 0.7847933962590723
45 64 3.789114866029175
46 68 2.996240004381688
46 68 3.500987237859442
47 91 1.9418758411119152
47 53 2.5608255810113096
48 15 4.504785222553255
48 65 4.584256208609344
49 26 0.8205998144875946
49 31 3.159633507354813
50 79 4.249920669445619
50 23 3.474964812217633
51 97 0.1060816358045058
51 85 2.199692021116892
52 100 3.780526705653146
52 49 1.7326316742923993
53 55 0.48901199609340595
53 55 2.740846277622574
54 72 2.6617967040958934
54 82 4.3562684811254675
55 54 0.7170565751271686
55 78 0.9426571948689976
56 16 4.018917906484358
56 67 1.3920994625682543
57 8 3.6917437526200403
57 27 2.426396477342559
58 23 3.4297781413917106
58 47 4.262704976097244
59 93 4.714294132747648
59 12 3.9052808391963083
60 19 2.1013155286682856
60 15 4.175044844500257
61 36 4.685371381545627
61 41 1.8232487359744185
62 82 1.4189969734876962
62 71 1.9366706213415248
63 96 4.881377639482085
63 75 3.4343275689970643
64 52 1.6735994588479044
64 7 0.41023762168604355
65 17 4.917653677544243
65 99 1.4010477217455706
66 43 2.190860826775458
66 79 1.6496366965951001
67 91 2.257923038345618
67 61 3.068577305170004
68 86 2.438451649668092
68 40 1.6620311672123875
69 45 2.127133315948851
69 87 4.171784811255283
70 79 1.0056871284035633
70 44 0.9886770210470133
71 23 2.194704505683629
71 0 2.4026536331248973
72 62 1.3767916317051445
72 73 3.701661832128531
73 55 3.8163031735463004
73 14 3.9580144316323396
74 25 1.6416700655168959
74 31 0.7045724039768652
75 8 2.5495507877329127
75 92 4.123497230557617
76 63 0.36596438544683907
76 77 3.2021782017062317
77 31 0.9564351251744566
77 17 2.4443374277130188
78 19 1.041509307256365
78 45 3.557369546662606
79 56 0.6558276948409684
79 9 1.1830560625769098
80 91 1.960045482231458
80 34 4.130102341950936
81 94 3.5139932806480147
81 71 1.5761374432639372
82 95 2.3846156908245364
82 30 0.9315960190859229
83 69 1.7791014143975412
83 58 1.1669365480917422
84 8 3.4411183705096877
84 77 4.933193951679327
85 54 0.4632031367738563
85 93 2.859154963026626
86 25 3.798056445399079
86 46 2.329934562548902
87 1 2.672673253652229
87 44 2.1799430518393947
88 82 2.0982656176653145
88 52 1.0969756368545482
89 7 4.08460591736332
89 57 0.6336815434226467
90 56 3.4464829867038596
90 77 0.4237518287071502
91 83 4.267682075881303
91 21 1.0793594533177149
92 19 3.84901662340867
92 55 0.24485846780321632
93 32 1.0836127509553055
93 3 3.6444414373841894
94 42 2.117485360302677
94 49 1.0929125292516342
95 92 3.012647169200662
95 53 1.520128522016068
96 83 0.3957065419024259
96 86 1.9399227496776488
97 37 1.7212848781239058
97 48 0.44399605204677833
98 14 4.318385520069282
98 36 0.8743805421696024
99 27 3.95098102079798
99 56 1.1496017734515371
100 12 3.022665554045007
100 24 4.629265268412423
